fc.0.weight	fc.1.weight	fc.3.weight	fc.6.weight	fc.8.weight	fc.10.weight	fc.12.weight	fc.14.weight
1.36724	0.00176	0.41388	0.2134	0.11282	0.05046	0.03505	0.01161
2.53939	0.00756	1.36216	0.96498	0.66865	0.36563	0.31889	0.12296
1.73946	0.00316	0.74352	0.48803	0.3201	0.17088	0.1384	0.04806
1.78377	0.00469	0.84375	0.4996	0.32621	0.2003	0.1806	0.08079
1.84248	0.00599	1.0082	0.64968	0.4387	0.29434	0.26207	0.1118
2.98719	0.00518	0.8982	0.48356	0.27204	0.16463	0.15188	0.04856
2.35782	0.00432	0.9305	0.58355	0.39958	0.24065	0.24918	0.09882
2.61203	0.0065	1.10946	0.6726	0.42793	0.2537	0.24175	0.09107
3.12498	0.00665	1.24304	0.77468	0.49032	0.27806	0.28658	0.12817
3.57824	0.00855	1.34175	0.70553	0.41903	0.26755	0.24604	0.09793
2.82891	0.00816	1.32079	0.79726	0.55213	0.37812	0.33505	0.14329
4.07957	0.01072	1.59477	0.96976	0.62999	0.3964	0.35045	0.14675
2.44436	0.00873	1.28761	0.7905	0.5031	0.31388	0.25685	0.09549
4.2663	0.00977	1.41873	0.68643	0.40851	0.23304	0.18359	0.07239
3.61783	0.00862	1.29626	0.61359	0.35222	0.21182	0.20456	0.09016
3.6867	0.00871	1.44721	0.78404	0.55326	0.34672	0.31663	0.09706
3.34518	0.00792	1.34252	0.76671	0.53602	0.34989	0.37952	0.16259
3.03693	0.00905	1.36561	0.71555	0.48153	0.31767	0.24676	0.11683
2.3818	0.00631	1.0338	0.59241	0.4042	0.23336	0.20729	0.06744
3.6972	0.00887	1.31592	0.73431	0.52717	0.3448	0.32347	0.12266
2.4909	0.00769	1.20219	0.73131	0.52166	0.33324	0.32721	0.119
4.65421	0.01302	1.74952	0.92237	0.6991	0.52194	0.47285	0.15359
4.02178	0.01041	1.64055	1.02204	0.84412	0.57488	0.53401	0.1895
3.76939	0.01319	1.67916	0.906	0.66456	0.42944	0.42682	0.17908
2.34465	0.00712	1.15584	0.70417	0.4913	0.30805	0.28273	0.11704
3.44961	0.00948	1.43408	0.89085	0.73108	0.52477	0.483	0.16966
4.24246	0.01553	1.87067	1.09254	0.75307	0.5214	0.44717	0.19601
3.96063	0.01361	1.82605	0.98804	0.68986	0.40697	0.40279	0.15036
2.55864	0.00774	1.25326	0.78016	0.64994	0.45955	0.33066	0.12019
3.00102	0.00791	1.26555	0.62991	0.38315	0.22906	0.20467	0.06772
2.56595	0.0107	1.3919	0.74512	0.4802	0.29312	0.23611	0.10905
4.39903	0.01415	1.60497	0.80798	0.56093	0.3765	0.35768	0.16154
3.57912	0.01173	1.64954	0.92308	0.72686	0.50249	0.52143	0.23065
4.14655	0.01735	2.18104	1.19879	0.95164	0.76659	0.71352	0.34319
5.29459	0.01683	2.07751	1.0806	0.78285	0.47261	0.43124	0.16544
4.66661	0.01551	1.95735	1.05678	0.75046	0.50289	0.47401	0.20027
3.14986	0.00979	1.49348	0.92358	0.70431	0.45125	0.40255	0.18253
2.84068	0.01109	1.46964	0.91489	0.7059	0.50256	0.52581	0.21305
3.01336	0.01122	1.49854	0.77961	0.52588	0.35891	0.32168	0.14975
3.01784	0.01271	1.66002	0.93354	0.63674	0.39461	0.30972	0.09148
6.2332	0.01818	2.45935	1.33692	0.95657	0.66588	0.53051	0.19094
2.60589	0.00785	1.32188	0.78645	0.5601	0.35919	0.35085	0.14687
3.18769	0.01265	1.65035	0.92621	0.68894	0.47497	0.43362	0.19087
4.22695	0.01279	1.92347	0.96685	0.63324	0.32262	0.29116	0.12203
2.70967	0.00979	1.49559	0.91348	0.64629	0.36977	0.34435	0.16604
4.27753	0.01608	1.77281	0.90025	0.63095	0.39799	0.34198	0.11653
2.71141	0.01151	1.53483	1.06328	1.00954	0.75871	0.66976	0.27833
5.30312	0.02605	2.63489	1.38684	1.10873	0.84991	0.78595	0.31969
2.89146	0.01049	1.54266	0.96982	0.70091	0.49989	0.39505	0.14548
3.51089	0.01497	1.7494	0.96006	0.67328	0.37234	0.32532	0.13209
4.68335	0.01494	1.76504	0.98487	0.6581	0.40475	0.36307	0.12105
3.95541	0.01498	2.07547	1.21045	0.95511	0.6963	0.67536	0.31948
2.86925	0.01301	1.74075	1.04682	0.87111	0.64183	0.56952	0.22698
2.36908	0.00919	1.34541	0.82276	0.6156	0.4246	0.38351	0.1453
3.58036	0.01396	1.80906	1.1178	1.00423	0.72274	0.61242	0.2654
2.4281	0.0116	1.48372	0.86541	0.66326	0.44499	0.37205	0.13578
5.05126	0.01795	2.08963	1.08253	0.89404	0.62753	0.61064	0.25476
5.72202	0.02047	2.14471	1.09295	0.83685	0.51584	0.39179	0.14568
3.24748	0.01263	1.74279	1.1212	0.96419	0.73422	0.7444	0.30058
2.37389	0.00941	1.44844	0.97543	0.72389	0.4925	0.4258	0.2037
4.50914	0.01551	2.00226	1.16856	0.88665	0.61156	0.50673	0.20555
2.21021	0.01226	1.67478	1.27732	1.11584	0.77231	0.538	0.19515
3.0495	0.013	1.7388	1.13809	0.85466	0.52701	0.47441	0.20901
4.3384	0.01592	1.96648	1.21271	1.00603	0.659	0.58492	0.20525
5.74109	0.02652	2.70405	1.37601	1.06083	0.72572	0.62177	0.34125
3.38113	0.01857	2.0998	1.31845	1.14787	0.71512	0.60195	0.22654
4.55039	0.01902	2.33934	1.50268	1.4575	1.09074	1.07202	0.36318
2.91599	0.01521	2.04978	1.43917	1.3552	0.96761	0.99423	0.46904
4.41906	0.01505	2.0824	1.21485	1.00724	0.72146	0.7586	0.35784
4.01217	0.01451	1.91587	1.09256	0.82374	0.54764	0.49271	0.23046
2.90903	0.01195	1.53547	0.90147	0.70992	0.42037	0.35721	0.12026
3.38097	0.01377	1.9175	1.11527	0.8643	0.58497	0.46948	0.19148
2.84927	0.01244	1.68033	0.97977	0.74102	0.57534	0.53413	0.22357
3.0139	0.01194	1.74639	1.1515	0.98065	0.79426	0.77158	0.33033
1.89354	0.00837	1.23585	0.85477	0.65661	0.46512	0.46939	0.18826
3.30056	0.01265	1.69533	1.07034	0.86509	0.60934	0.57931	0.24341
5.36318	0.01934	2.03304	1.10273	0.79808	0.44836	0.33153	0.14164
2.20218	0.01128	1.53743	1.10962	0.95798	0.74761	0.73563	0.26494
3.93691	0.01916	2.07659	1.16786	0.89141	0.61184	0.55283	0.21807
4.1451	0.01949	2.33015	1.55658	1.3177	0.93103	0.94144	0.45659
4.47594	0.01915	2.26514	1.18553	0.95241	0.72021	0.63921	0.23848
2.57939	0.01294	1.68004	1.21068	1.08122	0.87096	0.98896	0.43804
2.59533	0.01138	1.59959	1.18682	1.13029	0.85803	0.65698	0.25898
3.97522	0.01462	1.96346	1.26973	1.13972	0.89061	0.87175	0.41864
2.90614	0.01078	1.56714	0.99294	0.68259	0.41551	0.3593	0.13236
5.46863	0.02094	2.41546	1.16146	0.96187	0.61885	0.4609	0.20302
2.93216	0.01347	1.7398	1.12414	0.96127	0.62469	0.51086	0.22009
2.57242	0.0117	1.68761	1.06777	0.83724	0.53465	0.4687	0.21492
3.58618	0.01746	2.08451	1.22799	0.98298	0.71185	0.61141	0.29097
3.22062	0.01182	1.61282	1.04853	0.87304	0.60675	0.58711	0.29083
4.03207	0.01527	2.09802	1.16825	0.98331	0.68847	0.73888	0.24732
2.93825	0.01526	2.05985	1.3611	1.19688	0.7466	0.61776	0.22939
3.13548	0.01342	1.89371	1.07682	0.84502	0.50564	0.4461	0.18352
3.4122	0.01376	1.80373	1.16324	1.06092	0.85662	0.92099	0.41379
3.0734	0.01239	1.74811	1.20568	1.11622	0.79994	0.65269	0.31377
4.77008	0.01817	2.20948	1.25759	0.99398	0.71361	0.64569	0.25289
5.32575	0.02112	2.61827	1.44685	1.23346	0.85111	0.70872	0.29226
2.75776	0.01445	1.95893	1.40438	1.22206	0.99118	0.98607	0.46409
3.23999	0.01704	2.10387	1.32441	1.06685	0.71888	0.8263	0.4009
2.57468	0.01336	1.80534	1.21155	0.9961	0.67798	0.65221	0.28943
2.91184	0.01372	1.69024	1.05347	0.81925	0.5605	0.54255	0.21161
4.60611	0.01916	2.25411	1.33583	1.08611	0.65164	0.5357	0.19516
6.20812	0.02478	2.73213	1.49971	1.18686	0.92972	0.90347	0.44195
4.28441	0.01992	2.3957	1.37823	1.1158	0.85522	0.73114	0.36156
5.13274	0.02027	2.50567	1.4602	1.27838	0.93388	0.8046	0.33344
3.5011	0.01693	2.13048	1.35135	1.15731	0.814	0.81572	0.37959
3.05684	0.01536	1.75593	1.1578	0.92497	0.63998	0.57184	0.22878
2.12292	0.00953	1.50723	1.23138	1.20787	0.90955	0.77108	0.30399
3.85513	0.02076	2.26438	1.41593	1.3272	1.13184	1.20169	0.46107
3.27849	0.01528	1.81753	1.16778	1.02818	0.76003	0.5968	0.25164
3.07841	0.01279	1.62456	1.03423	0.87582	0.58534	0.47829	0.18464
2.18713	0.01211	1.604	1.24001	1.18613	0.88438	0.84809	0.39466
4.20058	0.01905	2.32054	1.49676	1.31237	1.0399	0.97101	0.48166
4.82303	0.02228	2.44751	1.3455	1.01172	0.68195	0.50218	0.17364
2.8407	0.01559	2.0222	1.49585	1.33354	1.09987	0.91634	0.48952
3.41375	0.01643	1.99504	1.18534	0.95489	0.74994	0.77803	0.31355
4.37298	0.01972	2.21313	1.40799	1.19533	0.91185	0.70558	0.28965
3.33709	0.01703	1.86897	1.127	0.86808	0.60815	0.61372	0.28847
4.79874	0.02288	2.45503	1.50262	1.32745	0.98217	1.11805	0.57886
2.8644	0.01574	1.91458	1.24237	1.04733	0.9143	1.05761	0.51767
2.84525	0.01372	1.72603	1.21096	1.10291	0.92034	0.80529	0.31654
3.62519	0.01736	2.17456	1.3113	1.31934	0.83383	0.79957	0.30453
3.26147	0.01743	1.91249	1.23941	1.07189	0.80685	0.76097	0.29078
3.89848	0.01976	2.18375	1.41768	1.2167	0.79988	0.81603	0.34808
3.5485	0.01871	2.23426	1.59677	1.41808	1.11325	1.02115	0.46444
2.32075	0.01326	1.66923	1.26111	1.25659	0.95015	0.76087	0.3227
4.05387	0.01905	2.11758	1.2419	0.94969	0.63806	0.5312	0.24601
5.92895	0.01967	2.45903	1.35565	1.09565	0.74673	0.62727	0.22864
3.71476	0.0173	1.97919	1.17388	0.91425	0.58328	0.4039	0.12109
3.44851	0.01819	2.04285	1.23535	1.11209	0.72498	0.68531	0.2556
2.01087	0.01267	1.56677	1.17423	1.17158	0.90633	1.00707	0.36595
3.20586	0.01537	1.85646	1.18246	0.89417	0.6202	0.57482	0.241
3.96781	0.02077	2.39521	1.57286	1.40968	1.17499	1.08756	0.49054
4.27703	0.02219	2.28403	1.22288	0.94745	0.6551	0.61287	0.2882
3.34515	0.01738	1.94039	1.11254	0.8121	0.46767	0.33904	0.10199
2.52264	0.0149	1.80729	1.22054	1.18337	0.97504	1.02558	0.39807
2.39429	0.01298	1.63739	1.17026	0.96728	0.63686	0.65764	0.30988
3.20154	0.01849	2.21826	1.59938	1.39484	1.13677	1.15203	0.53564
4.04552	0.01715	1.95615	1.20279	0.91937	0.66949	0.58269	0.29443
5.07687	0.02104	2.30085	1.27032	0.97709	0.73223	0.56702	0.17945
3.17381	0.01741	2.08581	1.36516	1.14166	0.85712	0.69369	0.2551
2.54515	0.0131	1.62291	0.94867	0.72518	0.47039	0.43655	0.22503
3.13145	0.0147	1.94632	1.32878	1.279	0.95394	1.00142	0.41147
5.67382	0.0233	2.61293	1.61932	1.69774	1.31196	1.24866	0.57991
2.98278	0.01613	1.71489	1.13033	0.87951	0.60962	0.57454	0.26453
3.17985	0.01649	1.93844	1.15929	0.96222	0.67734	0.6948	0.29576
2.8702	0.01288	1.63086	1.06413	0.89242	0.6033	0.56981	0.21898
4.61599	0.02262	2.42134	1.48644	1.34265	1.13864	1.19091	0.52886
3.62447	0.02113	2.45843	1.60413	1.29796	0.91133	0.83562	0.40742
3.9871	0.01957	2.16305	1.28908	1.1367	0.8191	0.72453	0.34763
3.49123	0.01683	1.80566	1.09311	0.89432	0.69074	0.7401	0.33029
4.31704	0.02185	2.20473	1.49065	1.44441	1.04415	0.8494	0.31959
2.86169	0.01786	2.04223	1.34466	1.17606	0.99863	0.9975	0.44185
5.17344	0.02662	2.43165	1.15331	0.81054	0.54278	0.52947	0.22138
5.0302	0.0208	2.19553	1.08579	0.77235	0.5159	0.38541	0.15231
2.92955	0.01308	1.64987	1.10133	0.84329	0.69858	0.70928	0.30908
2.62569	0.0156	1.71532	1.12519	0.90749	0.61623	0.63955	0.26366
2.51528	0.01735	1.79929	1.1718	1.0542	0.84819	0.77055	0.29854
5.51757	0.02315	2.38166	1.25142	0.97232	0.62591	0.45932	0.21645
5.96294	0.02915	2.7418	1.5323	1.28915	0.91804	0.73118	0.33705
2.00343	0.0133	1.54288	1.11693	0.93044	0.61215	0.56077	0.24094
2.42972	0.0147	1.61779	1.03951	0.88699	0.70749	0.67792	0.26383
2.803	0.01702	2.05651	1.6643	1.69294	1.34772	1.31527	0.67356
3.18583	0.01914	2.07221	1.33774	1.1895	0.85416	0.75978	0.3705
4.24148	0.02419	2.372	1.622	1.74063	1.44169	1.49362	0.62228
5.50979	0.02864	2.64614	1.51626	1.21567	1.03111	1.15884	0.45171
2.58338	0.01585	1.8931	1.29978	1.1543	0.89378	0.92951	0.45798
3.5281	0.01899	2.10086	1.28356	0.95927	0.64951	0.75261	0.3318
3.58064	0.01714	1.96089	1.21595	0.99052	0.64143	0.56929	0.25505
3.05503	0.01412	1.72506	0.99322	0.81539	0.61458	0.50735	0.2147
2.92187	0.01334	1.80407	1.13327	0.89152	0.6446	0.69541	0.32629
6.28457	0.02858	2.63821	1.37225	1.05568	0.81486	0.74008	0.3153
3.58628	0.01842	1.99044	1.2271	0.93964	0.67331	0.62948	0.29723
3.87163	0.01948	2.18388	1.47886	1.33379	1.0275	1.22718	0.61382
3.1589	0.01828	2.03301	1.39559	1.27086	0.9126	0.99785	0.51968
5.05753	0.02625	2.51892	1.45041	1.05585	0.64854	0.62895	0.29529
2.51632	0.01358	1.65709	1.11318	0.89854	0.64538	0.65697	0.23922
2.77021	0.01549	1.98846	1.30986	1.04937	0.7774	0.68513	0.2892
2.87551	0.01727	1.96365	1.38577	1.25479	0.98435	1.02056	0.57455
3.60647	0.02087	2.10126	1.399	1.28618	1.19339	1.2568	0.56513
2.90322	0.01566	1.85563	1.18659	0.91154	0.62886	0.53556	0.20605
1.99134	0.0135	1.57004	1.32245	1.18038	0.88077	0.89127	0.42325
2.23857	0.01458	1.62309	1.12233	0.97101	0.75502	0.60834	0.19677
2.47365	0.01411	1.71237	1.2412	1.11577	0.82404	0.75714	0.33778
3.89157	0.02203	2.28019	1.55795	1.3285	1.09301	1.20778	0.48604
2.9292	0.01496	1.84241	1.22745	1.10444	0.81591	0.66193	0.2554
2.85833	0.01525	1.7755	1.13813	0.84343	0.58351	0.50734	0.27488
2.80773	0.01412	1.71638	1.22307	1.14287	0.83118	0.58976	0.28175
2.01203	0.01244	1.52383	1.15708	1.13636	0.86378	0.62024	0.2127
3.25827	0.01937	1.87305	1.25083	1.05253	0.68627	0.65645	0.2752
3.13078	0.01865	2.01701	1.45659	1.31565	1.03813	1.07925	0.57026
2.65775	0.01669	1.92217	1.34645	1.20793	1.00504	0.78671	0.35066
3.38639	0.02171	2.37169	1.73989	1.57554	1.15787	1.12515	0.48688
3.62331	0.02131	2.22491	1.61596	1.63703	1.31606	1.34952	0.65993
3.05019	0.01838	2.1183	1.56027	1.40092	1.04685	0.85227	0.3759
5.2753	0.0312	3.07558	1.80466	1.62393	1.27544	1.13527	0.55049
4.10046	0.02	2.11404	1.35106	1.10798	0.90147	0.78729	0.39667
3.72078	0.01913	2.12017	1.4321	1.14886	0.88758	0.81214	0.42959
4.4683	0.02063	2.27148	1.40295	1.13627	0.84593	0.6607	0.31258
2.85985	0.01673	1.9377	1.42812	1.41955	1.17142	1.13381	0.41329
2.75004	0.0164	1.77012	1.19522	1.0453	0.80594	0.76703	0.36075
2.95911	0.01689	1.99252	1.36338	1.09748	0.82471	0.77833	0.3315
3.63228	0.02307	2.24221	1.51469	1.36654	1.01221	0.8049	0.37628
2.71277	0.01519	1.85034	1.36536	1.20946	0.91267	0.87543	0.40015
6.88421	0.03705	3.00542	1.62897	1.47748	1.06457	0.99462	0.34186
4.0811	0.02175	2.33037	1.66071	1.53734	1.31005	1.23793	0.55901
2.83933	0.0172	2.09361	1.79841	2.0691	1.86271	1.80077	0.67174
5.50713	0.03154	2.36552	1.39849	1.10175	0.80698	0.68605	0.36397
7.16888	0.03793	2.70112	1.3075	0.90278	0.54733	0.55454	0.1934
8.96767	0.04609	3.09556	1.50626	1.08973	0.66791	0.58379	0.26506
4.35697	0.02359	2.14676	1.20545	0.90575	0.65108	0.69746	0.32833
2.94645	0.01779	2.02052	1.53048	1.51565	1.25318	1.339	0.57945
2.59892	0.0146	1.77285	1.18339	1.10685	0.90279	1.01996	0.49595
3.82108	0.02256	2.17384	1.47455	1.30093	0.95935	1.04009	0.53634
3.70965	0.02166	2.33565	1.52907	1.25781	0.9548	0.89681	0.40461
3.51283	0.01907	2.01252	1.41354	1.32877	1.08727	1.18049	0.51157
2.67855	0.01605	1.69121	1.05024	0.79358	0.52611	0.46984	0.18012
1.91921	0.01261	1.53309	1.21515	1.13573	0.92363	0.85324	0.3687
3.04365	0.018	1.87748	1.25445	1.05436	0.70488	0.6341	0.24361
2.14622	0.01244	1.59948	1.19513	1.0558	0.76436	0.79729	0.34019
2.34638	0.01621	1.76525	1.30265	1.09689	0.80297	0.75757	0.28785
4.6053	0.02501	2.29203	1.33766	1.06438	0.83303	0.78552	0.36912
5.06078	0.03016	2.4656	1.43297	1.12177	0.85366	0.73778	0.36635
5.89791	0.03064	2.64726	1.45592	1.17711	0.932	0.96639	0.49078
2.73389	0.01541	1.7975	1.25601	1.16272	0.92824	0.96547	0.48972
2.3585	0.01497	1.72026	1.30276	1.12846	0.91544	0.89866	0.51907
3.42933	0.0213	2.0808	1.27092	1.01907	0.65788	0.58342	0.20646
3.04972	0.01888	1.9072	1.35146	1.3445	1.16689	1.10179	0.43315
4.21825	0.02122	2.15046	1.35761	1.2115	0.98256	0.99108	0.43177
2.02016	0.01254	1.53427	1.1651	1.07681	0.79894	0.832	0.39923
3.03881	0.02021	1.92466	1.42344	1.24783	0.93471	0.83626	0.34464
3.07865	0.01854	2.01413	1.30585	1.07424	0.78927	0.78555	0.29321
2.33401	0.01789	1.85784	1.33951	1.17882	0.9666	1.12282	0.55607
2.54054	0.01542	1.81301	1.2298	1.20678	0.99877	1.12326	0.53491
2.62984	0.0163	1.67703	1.1655	1.00963	0.68179	0.60577	0.25186
1.97971	0.01498	1.59273	1.18095	1.13094	0.82119	0.8136	0.34718
1.59709	0.01137	1.34462	1.08881	0.91288	0.64665	0.67607	0.26723
2.53579	0.01394	1.60311	1.09809	0.94281	0.73023	0.74924	0.40263
4.78772	0.02364	2.07908	1.16616	0.92737	0.58191	0.5147	0.20549
2.37889	0.01541	1.60894	1.18907	1.05161	0.71848	0.62034	0.23605
3.97541	0.01789	1.82261	1.10344	0.81433	0.56785	0.45499	0.19885
4.89761	0.02488	2.38016	1.62698	1.48676	1.30645	1.23202	0.5132
2.04355	0.01314	1.54108	1.24195	1.28082	0.99428	1.013	0.45618
4.49103	0.02258	2.18285	1.45833	1.25381	0.97273	0.85352	0.44343
3.65964	0.01937	2.08408	1.40938	1.17079	0.81978	0.73515	0.32697
3.11767	0.01692	2.09018	1.46967	1.35555	1.10272	1.09431	0.49454
4.09034	0.02261	2.20708	1.67363	1.69096	1.32347	1.17593	0.51995
2.02672	0.01374	1.57627	1.25249	1.10776	0.98346	0.97783	0.46334
4.74237	0.02571	2.29662	1.392	1.3372	1.00827	0.99682	0.44955
1.79114	0.01202	1.42085	1.10289	1.00121	0.70646	0.74777	0.36348
2.02381	0.012	1.26623	0.89674	0.7326	0.49651	0.51009	0.22327
2.43655	0.01541	1.67833	1.21864	1.09908	0.73487	0.782	0.38175
2.31932	0.01478	1.61884	1.27307	1.32168	1.23403	1.30029	0.56108
1.92598	0.014	1.55902	1.14003	1.06709	0.79998	0.86477	0.36353
2.1006	0.01297	1.63977	1.21459	1.0696	0.85023	0.87218	0.44564
1.80191	0.01127	1.41493	1.05979	0.89798	0.69504	0.65431	0.33968
1.74536	0.01191	1.43503	1.11493	1.01893	0.74956	0.73327	0.35613
2.04537	0.01372	1.56787	1.18483	1.12096	0.81106	0.82286	0.31232
6.0976	0.03398	2.52036	1.36992	1.24302	1.05522	1.08414	0.57337
2.56067	0.01774	1.71376	1.36743	1.37457	1.25323	1.35029	0.61955
10.87571	0.05081	3.77734	1.63261	1.17028	0.74215	0.80582	0.39037
2.42356	0.01438	1.68424	1.26506	1.3087	1.05891	1.01624	0.54519
3.37447	0.02069	2.15482	1.28518	1.07564	0.70162	0.67175	0.32635
2.34525	0.01691	1.83791	1.41797	1.30047	0.99373	0.81921	0.42683
2.43226	0.01539	1.71654	1.28251	1.15501	1.01046	0.87574	0.47286
2.38833	0.01482	1.73092	1.25266	1.03376	0.82511	0.76766	0.34369
2.47709	0.01548	1.65364	1.20797	1.11922	0.89937	0.96554	0.39964
2.99787	0.02015	2.0267	1.37873	1.33807	1.07499	0.98324	0.44324
2.69651	0.01612	1.86155	1.4499	1.35704	1.11952	1.21979	0.57791
1.84282	0.01241	1.40931	1.09501	1.05941	0.80273	0.85332	0.45505
1.91671	0.01318	1.50278	1.14008	1.0071	0.75797	0.72962	0.36769
3.57015	0.01911	1.78424	1.03712	0.81301	0.67477	0.68979	0.32941
2.66741	0.01546	1.81517	1.24557	1.06114	0.71292	0.72221	0.33363
2.72032	0.01772	1.83721	1.45689	1.3261	1.06691	0.94131	0.42544
2.1862	0.01434	1.62284	1.30674	1.36853	1.11258	0.98901	0.37234
1.99412	0.01517	1.66288	1.44922	1.4964	1.34567	1.42762	0.6919
2.12554	0.01574	1.74612	1.4348	1.43664	1.09279	1.19263	0.59049
2.62814	0.01601	1.70034	1.10125	0.90159	0.62866	0.66787	0.35939
3.51909	0.02298	2.08581	1.40505	1.36553	1.24693	1.38786	0.65345
3.65172	0.02572	2.46215	1.73014	1.67485	1.36158	1.50566	0.81757
1.98437	0.01379	1.64417	1.2979	1.16926	0.8142	0.79445	0.42905
1.83837	0.01215	1.4642	1.09325	0.92936	0.72496	0.85128	0.44166
2.82758	0.01808	1.84154	1.18893	0.95102	0.68979	0.66169	0.3368
2.13526	0.01438	1.57349	1.21665	1.09188	0.81166	0.88729	0.47466
3.09766	0.01789	1.80369	1.13612	0.99905	0.74384	0.63691	0.30881
2.9529	0.01759	1.77598	1.11017	0.7482	0.5171	0.46773	0.20565
1.9525	0.01358	1.4925	1.10349	0.93535	0.74993	0.79774	0.409
4.1371	0.024	2.10553	1.28928	0.9542	0.62376	0.54379	0.20635
2.00781	0.01357	1.51818	1.1917	1.16358	1.01399	0.88451	0.34355
2.55602	0.018	1.86886	1.43258	1.2934	0.88606	0.86013	0.51209
2.18526	0.01535	1.64591	1.26366	1.08017	0.78861	0.83263	0.33791
4.71652	0.0263	2.26032	1.37624	1.20745	0.84964	0.71232	0.34582
2.5942	0.01555	1.70366	1.17708	0.99271	0.81367	0.78582	0.36102
2.0868	0.01414	1.61255	1.29199	1.0879	0.7752	0.75864	0.3368
2.24165	0.01444	1.55958	1.12119	1.01839	0.74483	0.69409	0.28955
2.08209	0.01521	1.60083	1.24198	1.10808	0.85243	0.85826	0.39932
3.00386	0.01851	1.69639	1.02513	0.71526	0.41518	0.35056	0.15299
1.91513	0.01267	1.45061	1.12293	0.86721	0.57447	0.51976	0.22167
2.14129	0.01479	1.69912	1.31064	1.17035	0.84508	0.78047	0.37762
1.8816	0.01278	1.45774	1.10157	0.89314	0.69245	0.70635	0.3022
5.08873	0.02438	2.26922	1.30606	1.09258	0.72323	0.73847	0.34751
1.85402	0.01185	1.50677	1.28758	1.32748	1.07868	1.00357	0.55899
6.59779	0.04012	2.76621	1.60622	1.426	1.11901	1.11444	0.52896
2.25713	0.01533	1.65337	1.31797	1.24422	1.13965	1.11241	0.60342
2.88092	0.01926	1.78083	1.39079	1.09355	0.82764	0.65237	0.26319
2.29393	0.01772	1.88239	1.46684	1.50131	1.23678	1.1807	0.52936
2.33692	0.01501	1.6375	1.1981	0.96345	0.7237	0.69817	0.35787
3.02731	0.01766	1.60918	1.08215	1.02683	0.80103	0.82139	0.38823
6.45243	0.03713	2.70731	1.53346	1.37168	1.03145	0.91723	0.37747
1.91786	0.01271	1.51413	1.29274	1.22971	0.94604	1.0293	0.60641
2.03895	0.01567	1.65959	1.38253	1.29237	1.10865	1.10303	0.53755
1.89738	0.01384	1.65793	1.52465	1.70934	1.59975	1.46156	0.66222
3.88047	0.02078	2.04213	1.55046	1.50617	1.29998	1.3278	0.59484
2.15095	0.01761	1.82572	1.6505	1.77568	1.63117	1.69532	0.90365
1.93823	0.014	1.55379	1.33123	1.41132	1.26325	1.23423	0.57104
1.86947	0.01337	1.46732	1.17083	1.1185	0.94949	0.95952	0.45142
2.15426	0.01568	1.68968	1.43378	1.35655	1.31394	1.46438	0.6937
3.92109	0.02361	2.03047	1.55529	1.52157	1.25444	1.3144	0.5538
2.33331	0.0179	1.82498	1.43889	1.31553	1.02961	0.9445	0.35937
2.76771	0.01794	1.90275	1.51086	1.31782	1.12609	1.19813	0.65218
2.67766	0.01765	1.95455	1.48274	1.45654	1.06951	1.00151	0.45111
1.93459	0.01253	1.55826	1.19344	1.05503	0.9062	1.09792	0.61899
2.68483	0.01925	1.94285	1.50986	1.32757	1.02963	1.02743	0.49933
2.20732	0.01664	1.82559	1.4248	1.34901	1.12933	1.31198	0.60645
1.59263	0.01151	1.31397	1.04497	0.98547	0.92743	0.88006	0.45825
1.81834	0.01327	1.49178	1.21255	1.15209	0.87054	0.8919	0.44176
2.20171	0.01839	1.7578	1.43512	1.42552	1.15491	1.18609	0.70799
2.70271	0.0169	1.76797	1.28627	1.13713	0.76596	0.67163	0.26951
2.20524	0.01526	1.66008	1.22956	0.99907	0.70472	0.69572	0.29252
4.33854	0.02823	2.30239	1.61769	1.48351	1.18823	1.28661	0.69633
3.50855	0.02136	1.99173	1.34955	1.2431	1.14909	1.15226	0.5112
8.25221	0.05015	3.30732	1.47894	1.15589	0.82715	0.894	0.43286
2.31714	0.0159	1.72052	1.26844	1.15021	0.87104	0.76609	0.31327
3.21212	0.02035	1.86723	1.34508	1.40864	1.15391	0.97513	0.41403
6.46538	0.03713	2.79769	1.65439	1.51043	1.29995	1.24482	0.62747
2.07632	0.01359	1.64089	1.34621	1.24354	0.91273	0.85046	0.41699
3.30992	0.0197	1.85747	1.11955	0.95742	0.65839	0.66353	0.34396
3.1173	0.01994	2.04726	1.46399	1.45434	1.16844	1.12929	0.5783
1.87877	0.01415	1.51871	1.36049	1.36076	1.19986	1.01872	0.4288
2.17524	0.01495	1.67454	1.30289	1.03167	0.76021	0.71693	0.36812
4.28672	0.02733	2.1877	1.41647	1.2637	1.01575	0.91983	0.38616
3.6002	0.02379	2.17011	1.52418	1.31738	1.04553	1.08608	0.52596
1.68588	0.01147	1.35681	1.01404	0.83923	0.58034	0.51031	0.19109
4.5116	0.02705	2.39458	1.48859	1.23057	1.03848	1.09663	0.44182
2.83316	0.0196	2.01397	1.47221	1.25762	1.05881	1.02609	0.48286
2.34679	0.01971	1.90355	1.62013	1.83596	1.66024	1.47565	0.60047
2.48469	0.01719	1.74074	1.23623	1.0748	0.90132	0.84544	0.3972
3.70284	0.02318	1.90645	1.18305	0.93578	0.63468	0.63554	0.31367
5.06049	0.03051	2.40054	1.48588	1.36721	1.09251	0.92602	0.42136
3.17343	0.01895	1.9183	1.36645	1.38191	1.08281	1.07971	0.53847
2.10998	0.01465	1.57687	1.1881	0.94732	0.67468	0.65859	0.22055
2.22864	0.0145	1.52903	1.10487	0.98466	0.76397	0.71484	0.30965
2.24973	0.0148	1.52572	1.1507	1.08323	0.82163	0.8374	0.43827
4.88329	0.03313	2.66139	1.76668	1.65858	1.23999	1.27068	0.60205
6.73909	0.04191	2.64265	1.40568	1.05111	0.79209	0.69083	0.36551
5.4775	0.03514	2.63624	1.53957	1.16808	1.04298	1.00981	0.49365
5.88984	0.03583	3.03452	1.64463	1.3826	1.04025	0.96208	0.47981
1.92919	0.01435	1.50871	1.29818	1.17333	0.93998	0.83279	0.38861
2.24904	0.01637	1.77627	1.56698	1.60229	1.52954	1.40707	0.66959
2.00935	0.0139	1.58093	1.40317	1.44874	1.2473	1.28933	0.7579
2.49426	0.01707	1.84618	1.46444	1.3143	1.24716	1.30821	0.59978
1.66609	0.01302	1.41285	1.32122	1.45247	1.19956	1.22217	0.64669
1.7702	0.01235	1.41302	1.08876	1.01202	0.7333	0.66156	0.34698
2.77705	0.02152	1.83603	1.43175	1.43516	1.22968	1.33838	0.71086
1.93297	0.01227	1.50546	1.11162	0.92731	0.66049	0.67497	0.3177
2.20978	0.01617	1.71442	1.3832	1.28585	1.07139	1.13445	0.46926
5.08879	0.0349	2.25987	1.43007	1.45927	1.15977	0.95922	0.33566
2.80996	0.01886	1.89008	1.53101	1.55727	1.30033	1.59519	0.76011
2.83494	0.02168	1.88296	1.41653	1.45678	1.27833	1.26418	0.55398
4.2249	0.02685	2.20623	1.45891	1.35867	1.16223	1.30418	0.63634
4.3555	0.02943	2.38853	1.66952	1.48628	1.2019	1.25992	0.47951
2.17764	0.01434	1.66332	1.19962	0.97137	0.78596	0.78036	0.36699
2.49116	0.01876	1.91618	1.59085	1.70362	1.53481	1.53984	0.64512
1.99455	0.01536	1.56751	1.25698	1.21302	1.07011	1.01444	0.41279
1.9042	0.01553	1.55361	1.29384	1.09603	0.87638	0.84532	0.32475
3.13094	0.02388	2.06227	1.40538	1.11661	0.91047	0.80431	0.43477
4.08984	0.02951	2.14363	1.33974	1.14737	0.95722	0.8231	0.38367
1.90032	0.01371	1.39981	1.1025	1.0896	0.93942	0.8966	0.47807
2.2595	0.01587	1.62274	1.31558	1.13006	0.93747	1.09726	0.58939
2.2402	0.01653	1.68481	1.34315	1.24697	0.86772	0.6505	0.25141
2.12758	0.01444	1.54798	1.28731	1.23906	0.99244	0.83553	0.44052
1.8916	0.01396	1.51271	1.24293	1.06494	0.81219	0.86013	0.29325
5.98545	0.03758	2.87212	1.6473	1.38352	1.02538	0.8419	0.3368
2.15256	0.0165	1.73709	1.4248	1.28827	1.04503	1.15463	0.53545
2.38693	0.01863	1.97632	1.57031	1.39539	1.0981	0.91242	0.38943
5.6131	0.03755	2.72721	1.71141	1.59341	1.3438	1.15101	0.43779
5.5269	0.04579	3.14023	2.40115	2.81392	2.8014	2.83769	1.21898
1.90103	0.01539	1.62345	1.35668	1.26894	1.02403	0.87512	0.39049
2.81986	0.02318	2.20642	1.75566	1.64206	1.30242	1.54333	0.87378
2.07937	0.01801	1.82636	1.60805	1.49544	1.19355	1.1797	0.46146
2.3936	0.02005	1.84165	1.55206	1.51791	1.18521	0.99111	0.4775
5.92718	0.03827	2.465	1.45377	1.40822	1.2198	1.10186	0.52841
4.53874	0.02589	2.21967	1.46351	1.37925	1.16675	1.24505	0.54547
4.92837	0.0296	2.40613	1.63018	1.38521	1.00134	0.85162	0.44506
2.13232	0.01627	1.61283	1.25759	1.1135	0.86113	0.90163	0.4648
2.78622	0.01984	1.9258	1.43335	1.25558	0.99863	1.04023	0.51489
4.8432	0.03793	2.56818	1.525	1.41481	1.2121	1.067	0.57158
5.96492	0.04047	2.58182	1.62088	1.23405	0.88032	0.93083	0.51982
5.312	0.04142	2.79325	1.78056	1.34923	0.97984	0.93313	0.42026
2.97681	0.02003	2.0179	1.43959	1.21947	0.9509	0.90749	0.36608
3.06362	0.02298	2.18724	1.63994	1.52394	1.5305	1.65554	0.78923
2.39844	0.01694	1.7815	1.48656	1.4192	1.1895	1.13645	0.63782
2.4391	0.01782	1.6975	1.27774	1.17307	1.02777	0.98176	0.47466
3.34862	0.02212	1.89145	1.46616	1.47923	1.30068	1.2326	0.5224
1.84163	0.01713	1.68156	1.46322	1.37243	1.06426	1.21267	0.6405
3.76118	0.02763	2.16969	1.47188	1.38113	1.02477	1.07205	0.55768
2.20643	0.01621	1.7179	1.46201	1.38555	1.08839	0.99395	0.52644
1.98635	0.01621	1.61322	1.38423	1.18967	0.93695	0.89442	0.4107
1.66123	0.01396	1.35041	0.98337	0.79619	0.59129	0.5456	0.24695
4.33462	0.02518	2.21936	1.25507	0.89473	0.60473	0.5847	0.28805
2.28311	0.01814	1.80835	1.53695	1.45265	1.16475	1.09537	0.54517
2.32289	0.01996	1.74669	1.40591	1.31496	1.11125	1.06699	0.51959
4.3164	0.03033	2.48386	1.83928	1.9443	1.54923	1.37679	0.59078
1.48362	0.01326	1.28449	1.07169	0.96167	0.79241	0.71051	0.30888
2.02452	0.01634	1.66799	1.46895	1.54284	1.31821	1.57981	0.57587
2.31893	0.01872	1.86522	1.66848	2.09043	1.96527	1.82671	0.76905
2.61013	0.01907	1.85668	1.64563	2.02701	1.77034	2.03254	1.03832
1.95438	0.01617	1.67063	1.61121	1.79865	1.398	1.22858	0.56899
3.59472	0.02547	2.06985	1.43691	1.19622	0.86768	0.81906	0.37172
1.91576	0.01546	1.52577	1.25552	1.13522	0.75382	0.71124	0.26389
2.46641	0.01713	1.71575	1.24046	0.97216	0.78343	0.79284	0.32797
1.77941	0.01399	1.44102	1.11109	0.9605	0.67669	0.63565	0.32815
1.79679	0.01403	1.48696	1.22253	1.17975	1.03461	1.05317	0.52148
3.84255	0.02651	2.08444	1.44293	1.24375	0.94615	0.90118	0.38856
1.63803	0.01288	1.34031	1.06479	0.94481	0.71718	0.75457	0.42362
1.86992	0.01702	1.61421	1.38284	1.3299	1.17346	1.13262	0.4922
1.81174	0.01538	1.54418	1.37466	1.59455	1.56112	1.51505	0.53661
2.90703	0.0202	1.86544	1.44041	1.22754	1.04748	1.01252	0.48831
2.63148	0.0212	1.84525	1.41136	1.32688	1.01639	1.13792	0.54271
1.98931	0.01619	1.62632	1.37604	1.22181	1.11396	1.13596	0.61585
1.73765	0.01319	1.42037	1.13764	0.91491	0.69598	0.62125	0.27006
4.31426	0.03393	2.24227	1.41902	1.33465	1.02192	1.10364	0.64555
6.02293	0.03909	2.51095	1.56082	1.48352	1.19136	1.07853	0.49424
1.82423	0.01539	1.56995	1.38135	1.37091	1.06789	0.97149	0.48213
2.01214	0.01579	1.58082	1.37604	1.28182	0.94097	0.83089	0.376
1.69018	0.01403	1.37658	1.15541	1.12224	0.9627	1.23316	0.518
1.97735	0.01668	1.53024	1.27281	1.13966	0.9638	0.90453	0.36219
2.88898	0.02	1.79325	1.29702	1.20026	0.86549	0.88235	0.47928
1.92074	0.01547	1.5872	1.30706	1.30563	1.18151	1.20523	0.61643
1.74243	0.01358	1.43886	1.28656	1.22939	0.96188	1.01562	0.4551
1.93019	0.01413	1.51955	1.33431	1.33566	1.24583	1.21879	0.48037
2.20348	0.01909	1.72321	1.42218	1.38012	1.25698	1.42047	0.692
2.14066	0.01676	1.68205	1.46874	1.51703	1.32388	1.35254	0.53749
1.75694	0.0153	1.55358	1.30021	1.29987	1.18352	1.14024	0.54775
1.66411	0.01317	1.42048	1.17565	0.93663	0.62547	0.52402	0.18924
4.14726	0.02941	1.91647	1.26102	1.01868	0.74947	0.68952	0.31001
1.85968	0.01517	1.53401	1.42713	1.4335	1.13708	1.41458	0.72563
3.16849	0.021	1.82546	1.27193	0.92235	0.71267	0.60034	0.22467
1.77442	0.01531	1.50632	1.2228	1.04696	0.82574	0.73206	0.30015
1.62544	0.0127	1.36863	1.13921	1.03936	0.83408	0.88296	0.45541
4.97414	0.03163	2.05691	1.32739	1.18361	0.88208	0.90691	0.4537
4.60746	0.03442	2.02769	1.17369	0.94844	0.76638	0.89322	0.45276
2.444	0.01765	1.67734	1.34304	1.25641	1.03867	1.01203	0.5316
1.93432	0.01644	1.5548	1.44649	1.37899	1.13833	1.20558	0.61819
2.1113	0.01624	1.67602	1.44849	1.34322	0.97212	0.82417	0.38024
1.77271	0.01564	1.42272	1.14534	1.12661	1.03038	1.12579	0.53528
1.67739	0.01315	1.39946	1.15366	1.18093	0.95472	1.04951	0.55648
2.53314	0.02131	1.96292	1.66444	1.65649	1.44327	1.87372	0.96308
1.83164	0.01478	1.40685	1.19663	1.08902	0.86602	0.88575	0.39618
1.9686	0.01456	1.53116	1.23562	1.29782	1.14543	1.16381	0.59106
1.93196	0.01829	1.55203	1.46545	1.68807	1.56003	1.44448	0.64506
2.45765	0.02005	1.88621	1.52039	1.5241	1.36681	1.37141	0.64553
1.89314	0.0161	1.56033	1.3769	1.26278	1.12313	1.24691	0.67634
1.80356	0.01515	1.48937	1.31802	1.3008	1.09999	1.05477	0.47529
2.22955	0.01978	1.70147	1.59839	1.72625	1.46973	1.39788	0.70461
2.09106	0.01796	1.77178	1.52181	1.56502	1.3437	1.6127	0.93534
2.45225	0.01819	1.83893	1.44002	1.55507	1.21537	1.11227	0.50461
3.55293	0.02313	1.81824	1.20557	0.994	0.64966	0.52672	0.21348
2.84487	0.02059	1.65424	1.17736	0.79762	0.55917	0.42804	0.19501
1.92382	0.01756	1.58557	1.36509	1.27407	0.98862	1.00778	0.52046
2.02957	0.01461	1.50429	1.26312	1.3218	1.16042	1.31761	0.69804
2.09471	0.01818	1.601	1.23379	1.14854	0.90527	0.88581	0.42898
6.9278	0.04621	2.24895	1.15187	1.00839	0.79344	0.71668	0.31947
1.88774	0.01635	1.52483	1.24903	1.19944	0.96143	1.02253	0.51996
1.95837	0.0142	1.25269	0.96995	0.83446	0.62507	0.72037	0.36789
4.25172	0.02967	2.08977	1.52412	1.36368	1.17292	1.21524	0.52141
2.17229	0.01642	1.5819	1.42486	1.50857	1.36088	1.42624	0.76039
2.09682	0.01662	1.6762	1.50614	1.50754	1.22565	1.30747	0.7245
3.20001	0.02577	2.29686	1.93789	1.80262	1.46614	1.5347	0.68791
2.34318	0.02057	1.80301	1.46917	1.3841	1.2312	1.23911	0.5504
1.84091	0.01576	1.52837	1.30683	1.21613	0.93077	1.08654	0.43737
2.35935	0.01843	1.7896	1.4026	1.24441	1.05468	0.92787	0.38761
2.38091	0.01924	1.8178	1.61561	1.63886	1.53422	1.58899	0.77943
4.54905	0.03524	2.36999	1.41269	1.20164	0.86809	0.86317	0.3577
2.77478	0.01796	1.8013	1.42613	1.40103	1.21623	1.27228	0.5377
2.53603	0.02004	1.83062	1.43451	1.28424	0.97982	0.89248	0.49986
1.8904	0.01536	1.49815	1.29615	1.27913	1.03513	0.99273	0.52775
1.7139	0.01405	1.40497	1.14572	1.10103	0.93123	0.90913	0.41003
5.82329	0.04315	2.56069	1.6142	1.5427	1.24854	1.16511	0.56448
2.78857	0.02135	1.88529	1.50247	1.60738	1.57353	1.40201	0.67709
4.0241	0.02758	2.33239	1.59417	1.41217	1.06986	0.94641	0.42002
1.90477	0.01622	1.49346	1.33594	1.2574	1.07435	1.09507	0.53349
2.05968	0.01593	1.5483	1.22233	1.11213	0.80609	0.70091	0.30015
1.83193	0.01469	1.433	1.12271	0.85888	0.59504	0.45239	0.16886
1.73906	0.01421	1.41855	1.2058	1.14334	1.01356	1.02112	0.46127
2.03424	0.01444	1.47322	1.19038	1.09824	0.89491	1.00359	0.51989
2.04383	0.01548	1.63392	1.28088	1.22098	0.94946	0.83934	0.37175
1.7931	0.01575	1.51278	1.34173	1.2261	0.959	1.08289	0.57602
2.65212	0.0203	1.83614	1.39554	1.28702	0.98854	1.03835	0.55635
