fc.0.weight	fc.2.weight	fc.4.weight	fc.6.weight	fc.8.weight	fc.10.weight	fc.12.weight
0.01046	0.03301	0.04655	0.08502	0.15712	0.32067	1.60652
0.06621	0.21381	0.27895	0.48444	0.75226	0.9843	2.33744
0.02896	0.0973	0.1157	0.17788	0.33534	0.56826	1.92245
0.05891	0.19204	0.23245	0.35967	0.5776	0.77398	1.84715
0.06777	0.22455	0.30081	0.45265	0.71523	0.90663	1.87818
0.04425	0.14364	0.1629	0.2525	0.46013	0.77242	1.71316
0.0593	0.23382	0.24352	0.36927	0.5669	0.85481	2.01711
0.06819	0.24627	0.2479	0.43807	0.72437	1.06714	2.04402
0.08327	0.28305	0.33688	0.5631	0.87337	1.19688	1.98867
0.07917	0.25375	0.24451	0.41649	0.73601	1.14345	2.00774
0.10273	0.35016	0.38442	0.57057	0.91739	1.30195	2.16396
0.09559	0.43015	0.43321	0.64518	0.90485	1.14799	1.84827
0.08896	0.31551	0.33097	0.5466	0.94022	1.41918	1.98551
0.0569	0.1692	0.20341	0.33831	0.60388	1.08421	1.82853
0.06499	0.19506	0.20323	0.32978	0.60788	1.00914	1.95122
0.09225	0.26519	0.29731	0.49488	0.7762	1.15252	1.96141
0.0807	0.30141	0.36194	0.54128	0.81582	1.16071	1.88329
0.08058	0.26734	0.29697	0.50604	0.79724	1.19976	2.00539
0.05906	0.1893	0.22204	0.38016	0.66582	1.11934	1.88133
0.08133	0.26674	0.26776	0.44651	0.74686	1.1422	1.90827
0.08604	0.26966	0.29709	0.48621	0.81471	1.3987	2.01775
0.11309	0.35505	0.39578	0.56835	0.90779	1.36578	1.98
0.14498	0.45901	0.49884	0.77326	1.1065	1.64055	2.11059
0.1023	0.40815	0.40067	0.68422	1.0967	1.60316	2.07505
0.08893	0.3126	0.36344	0.56421	0.89843	1.46436	1.99898
0.11697	0.3514	0.47315	0.66973	1.00685	1.58222	2.08175
0.12575	0.44043	0.47055	0.77987	1.20381	1.76401	2.04447
0.10728	0.36355	0.41987	0.69773	1.24062	1.95628	2.25415
0.10681	0.30759	0.35211	0.54563	0.94008	1.58762	2.14715
0.05387	0.19886	0.25337	0.39214	0.77553	1.47261	1.93859
0.07465	0.24905	0.30685	0.50754	0.85487	1.40927	2.01168
0.11477	0.37577	0.42301	0.65888	1.05764	1.63076	2.10451
0.13864	0.52048	0.55365	0.77139	1.04601	1.58775	2.06821
0.21203	0.68551	0.73746	1.0506	1.47906	2.12203	2.26588
0.12544	0.37334	0.42569	0.68505	1.11497	1.76739	2.1405
0.13897	0.49418	0.53257	0.81689	1.23657	1.857	2.11629
0.12983	0.55226	0.55474	0.82714	1.23603	1.93583	2.10802
0.17106	0.6614	0.66901	1.00871	1.63105	2.47782	2.28664
0.09794	0.33439	0.36841	0.60167	1.07475	1.90675	2.19192
0.10559	0.34507	0.38618	0.67314	1.18189	2.00543	2.27819
0.17032	0.56726	0.60313	0.988	1.51721	2.3564	2.28307
0.08937	0.29265	0.38974	0.56893	0.98133	1.86654	2.13549
0.13928	0.44458	0.51514	0.73622	1.14293	1.81429	2.15225
0.10368	0.37857	0.39115	0.66625	1.17782	1.92666	2.14373
0.10891	0.36958	0.39659	0.65231	1.16356	2.04428	2.20225
0.12317	0.35544	0.37553	0.63649	1.19314	2.16091	2.23204
0.17041	0.513	0.56089	0.78695	1.17068	1.86892	2.138
0.21735	0.67802	0.78466	1.21218	1.63166	2.39834	2.31059
0.12414	0.36539	0.40757	0.66826	1.16689	2.04803	2.12884
0.11344	0.32582	0.43317	0.74636	1.2249	2.06147	2.19375
0.1198	0.38975	0.46345	0.73316	1.21183	2.06377	2.27839
0.19545	0.61634	0.7406	1.09624	1.55517	2.34306	2.25455
0.1637	0.48329	0.58777	0.84569	1.37508	2.20596	2.20469
0.12881	0.43768	0.43948	0.7443	1.30651	2.17513	2.22964
0.18163	0.55954	0.64729	0.93401	1.47224	2.29259	2.27806
0.12432	0.39523	0.44607	0.73039	1.30654	2.09491	2.28008
0.17927	0.65002	0.66619	0.99797	1.4097	2.3023	2.24646
0.11295	0.36436	0.40095	0.68106	1.17376	2.05495	2.16457
0.21	0.56996	0.69763	0.99333	1.50905	2.30011	2.24291
0.14252	0.51631	0.54089	0.76508	1.3245	2.18109	2.2448
0.19211	0.63238	0.65488	0.98955	1.35924	2.13499	2.16195
0.19001	0.57692	0.6274	0.99925	1.44269	2.21279	2.21257
0.19114	0.63658	0.6761	0.97508	1.45004	2.31063	2.32915
0.18202	0.64616	0.74442	1.14965	1.64977	2.45589	2.33458
0.21504	0.69697	0.75338	0.99296	1.4578	2.49527	2.43436
0.24303	0.79127	0.88914	1.2202	1.82638	2.79756	2.53369
0.26015	0.8278	0.97232	1.34203	1.87328	2.5809	2.39351
0.26545	0.90945	1.0097	1.48608	2.05019	2.77753	2.46595
0.20132	0.80264	0.85859	1.22101	1.60454	2.19805	2.24288
0.19769	0.64671	0.69506	1.04229	1.42437	2.25339	2.25799
0.13004	0.38429	0.43747	0.74425	1.3079	2.20723	2.28277
0.20395	0.62592	0.6444	0.97588	1.3656	2.17093	2.30514
0.13301	0.46455	0.50591	0.86689	1.51553	2.45484	2.38692
0.25427	0.78918	0.77784	1.05941	1.50685	2.28647	2.28609
0.13906	0.44055	0.49039	0.7816	1.37355	2.40142	2.34164
0.1937	0.60203	0.62595	0.94112	1.43327	2.37332	2.30006
0.10487	0.37565	0.47207	0.76744	1.37675	2.42045	2.47269
0.2185	0.62254	0.64757	0.98605	1.71258	2.84869	2.54772
0.23333	0.65095	0.77532	1.16584	1.77425	2.50166	2.46506
0.2831	0.9667	0.96969	1.50506	1.98678	2.82289	2.43807
0.21746	0.64923	0.65128	1.02932	1.63181	2.64359	2.47975
0.28374	0.86733	0.88221	1.30577	1.92484	2.77991	2.44441
0.19691	0.60417	0.62227	0.87312	1.4409	2.41424	2.40494
0.28025	0.85901	0.85094	1.17303	1.5668	2.40321	2.38053
0.14522	0.39731	0.43302	0.69638	1.2417	2.46989	2.37007
0.16673	0.49331	0.55593	0.83233	1.35487	2.38111	2.45252
0.19514	0.54744	0.6183	0.92209	1.46152	2.40736	2.31019
0.17002	0.60596	0.67029	0.98909	1.493	2.4242	2.37592
0.17401	0.62672	0.71573	1.13277	1.59525	2.58001	2.40293
0.18778	0.7309	0.8	1.09631	1.67343	2.53359	2.38049
0.21007	0.66532	0.7398	1.19555	1.72658	2.64717	2.33495
0.24856	0.76765	0.85884	1.2769	1.85417	2.77792	2.57926
0.16519	0.47082	0.54243	0.80866	1.35043	2.379	2.37882
0.24952	0.79336	0.77481	1.06934	1.45422	2.40878	2.53041
0.22461	0.66235	0.70062	1.04224	1.69862	2.75011	2.53588
0.23099	0.6258	0.71417	1.12731	1.64998	2.49252	2.36989
0.21292	0.70029	0.75909	1.05581	1.68046	2.64607	2.396
0.33359	0.91516	0.96722	1.50545	1.95841	2.72436	2.41385
0.23217	0.81864	0.82094	1.25429	1.83668	2.70575	2.53225
0.1885	0.6734	0.80558	1.2039	1.86407	2.73317	2.52788
0.17983	0.50819	0.59669	0.97294	1.41937	2.26904	2.28891
0.25246	0.79629	0.84657	1.2406	1.66883	2.55676	2.39687
0.26901	0.91731	0.86883	1.25629	1.80606	2.80045	2.49696
0.26095	0.76474	0.71254	1.05165	1.63709	2.54044	2.35478
0.29163	0.80574	0.87797	1.27201	1.87646	2.75188	2.49334
0.22565	0.71771	0.86989	1.22019	1.78165	2.593	2.42849
0.23628	0.62805	0.71368	1.02162	1.64813	2.53323	2.42435
0.23996	0.68135	0.72167	1.03128	1.56246	2.60571	2.46486
0.35401	1.01379	1.1928	1.56306	2.11984	2.95225	2.57469
0.19389	0.57778	0.69583	1.05673	1.59918	2.58591	2.40284
0.1507	0.43597	0.52425	0.85658	1.48073	2.59331	2.54889
0.2535	0.85036	0.92121	1.25402	1.78174	2.67555	2.46448
0.33038	1.06217	1.05567	1.39383	1.87266	2.86375	2.54197
0.17151	0.56707	0.62524	1.07083	1.6368	2.58306	2.46405
0.33003	1.06111	0.9934	1.29808	1.7742	2.60225	2.51302
0.23743	0.71237	0.78866	1.07853	1.64957	2.66565	2.50585
0.26374	0.70593	0.71709	1.13461	1.77194	2.6959	2.46494
0.1801	0.6474	0.73273	1.05671	1.5507	2.71773	2.45781
0.41223	1.28614	1.16377	1.62861	2.14839	2.94733	2.54409
0.26031	0.97168	1.02606	1.50746	1.87363	2.77706	2.53875
0.24592	0.66496	0.80213	1.1931	1.63937	2.55202	2.47667
0.27469	0.82514	1.04536	1.2911	1.8693	2.84662	2.51337
0.22556	0.75526	0.9142	1.31481	1.75837	2.76715	2.58141
0.20664	0.88098	0.98402	1.37721	2.00416	3.01195	2.59685
0.32597	1.1141	1.1246	1.56986	2.00268	2.84489	2.52464
0.25746	0.88028	0.87239	1.35963	1.94897	3.00878	2.54734
0.23856	0.80928	0.77008	1.18748	1.69241	2.85925	2.5318
0.2157	0.74947	0.85109	1.22523	1.7442	2.7963	2.50629
0.15069	0.55858	0.67783	1.11687	1.76291	2.81694	2.51402
0.21614	0.71644	0.84875	1.27572	1.93661	3.02932	2.67767
0.29778	0.92236	0.95944	1.27508	1.95732	2.91387	2.6237
0.17245	0.58547	0.71648	1.08953	1.55858	2.70736	2.44386
0.34891	1.18797	1.08535	1.52245	1.99106	2.96704	2.61505
0.18136	0.57957	0.73936	1.0683	1.78054	3.00036	2.62841
0.14951	0.52241	0.66501	1.05847	1.61021	2.69972	2.48844
0.24611	0.81509	0.93689	1.35338	1.85935	2.77488	2.5759
0.21865	0.76646	0.8305	1.19079	1.79258	2.76342	2.5172
0.3508	1.1063	1.07611	1.43515	2.05399	3.08438	2.665
0.21918	0.65751	0.75014	1.07701	1.61829	2.67768	2.53174
0.19434	0.63011	0.70862	1.12725	1.81164	2.88446	2.63603
0.24061	0.71187	0.87765	1.34957	1.93914	2.92823	2.56359
0.17523	0.55029	0.60317	0.89293	1.42808	2.49887	2.36936
0.30884	0.79379	0.96839	1.31584	1.74927	2.72594	2.55212
0.33564	0.96006	1.0115	1.33197	1.90273	2.90865	2.55219
0.19952	0.5596	0.77432	1.14588	1.88533	2.98844	2.6199
0.26764	0.91878	0.96822	1.38499	1.89801	2.91607	2.52201
0.20997	0.61709	0.697	1.06819	1.71843	2.81961	2.54418
0.31911	1.18314	1.13714	1.4718	1.85729	2.69816	2.38926
0.30531	1.03543	1.05757	1.51344	2.12499	3.23394	2.59751
0.19003	0.77446	0.86567	1.2498	1.78709	2.87504	2.57165
0.25404	0.82768	0.88805	1.17736	1.78802	2.69869	2.49928
0.26091	0.73036	0.91492	1.41449	1.93006	2.90798	2.61445
0.31571	0.83761	0.95863	1.35934	1.94074	2.98526	2.56319
0.15124	0.45235	0.58885	0.90211	1.52676	2.5888	2.47637
0.16541	0.50306	0.59276	0.90197	1.52834	2.50574	2.37207
0.22241	0.74486	0.76699	1.16021	1.7324	2.83785	2.65969
0.21318	0.65997	0.83082	1.11591	1.70158	2.80099	2.52288
0.2272	0.66802	0.76131	1.10145	1.67983	2.82471	2.57157
0.20127	0.60664	0.65531	1.02486	1.62966	2.74162	2.54525
0.262	0.79505	0.91592	1.37634	1.94245	2.77201	2.45813
0.19539	0.57213	0.58893	0.98286	1.61126	2.5792	2.49208
0.19963	0.60877	0.65698	0.97858	1.6296	2.74114	2.39382
0.45328	1.2629	1.30724	1.77357	2.06557	2.95926	2.50095
0.29267	0.82185	0.86907	1.20822	1.91574	2.96492	2.51262
0.42827	1.22185	1.18118	1.53353	2.08839	3.12347	2.61314
0.37469	0.92543	1.02965	1.47317	2.18669	3.23836	2.58059
0.27659	0.9482	0.94536	1.30184	1.78034	2.82672	2.4824
0.27836	0.79557	0.87137	1.18241	1.71555	2.79425	2.53978
0.22668	0.70456	0.77334	1.11123	1.59101	2.60086	2.46951
0.1887	0.50909	0.59121	0.89029	1.58771	2.65831	2.4757
0.25497	0.76349	0.72919	1.11445	1.69958	2.64229	2.48147
0.25563	0.84815	0.99128	1.44193	1.86907	2.74999	2.494
0.22334	0.66454	0.73529	1.11128	1.79713	2.85288	2.52177
0.34661	1.2297	1.19952	1.70141	2.05653	2.82287	2.50011
0.39793	1.33251	1.27495	1.7287	2.16252	3.12403	2.66354
0.27434	0.82538	0.90461	1.39138	2.14112	3.09618	2.67408
0.20801	0.63172	0.74053	1.12616	1.81552	2.92015	2.57129
0.26792	0.8766	0.96161	1.34066	1.95469	2.94488	2.54741
0.38995	1.25597	1.21116	1.64893	2.19989	3.18555	2.62645
0.38075	1.25197	1.18639	1.66852	2.00903	2.8093	2.42049
0.19222	0.55332	0.68176	1.03675	1.75822	2.91074	2.55704
0.24918	0.83148	0.93947	1.34507	2.05818	3.05991	2.65476
0.22852	0.60716	0.73809	1.15514	1.85984	3.02431	2.62095
0.30092	0.96245	0.98598	1.47248	1.91356	2.94221	2.55038
0.38825	1.07355	1.23501	1.65698	2.21499	3.13122	2.63885
0.24765	0.61036	0.85972	1.2917	1.98973	2.99003	2.55486
0.21269	0.60441	0.79173	1.10525	1.65158	2.77835	2.55391
0.2471	0.73979	0.9562	1.2734	1.75221	2.71095	2.52233
0.24137	0.80635	0.94935	1.38281	1.85141	2.83691	2.48871
0.23924	0.80074	0.82514	1.20842	1.74456	2.89086	2.54041
0.3568	1.16535	1.15216	1.52628	1.97392	2.81848	2.51058
0.36827	1.21098	1.26959	1.62961	2.13687	3.14648	2.63429
0.42397	1.4616	1.44295	2.04921	2.45166	3.08871	2.59371
0.50327	1.43726	1.39975	1.76184	2.10599	2.89845	2.53356
0.25971	0.86365	0.97315	1.48109	1.96074	2.96921	2.52008
0.42844	1.42567	1.44058	1.93886	2.35569	3.21661	2.66587
0.29433	0.90942	1.01526	1.35439	1.92374	2.90857	2.58817
0.30862	1.042	1.09192	1.54252	1.87191	2.76171	2.48345
0.24126	0.74891	0.82381	1.27623	1.89287	2.92486	2.64378
0.34883	0.97552	1.11528	1.60816	2.03192	3.02446	2.53063
0.24318	0.80244	0.87722	1.18612	1.80605	2.961	2.65769
0.3032	0.82233	0.90912	1.32532	1.94655	2.97985	2.55497
0.29555	0.87026	0.90402	1.27429	1.90818	3.01933	2.57419
0.29855	0.8118	0.85527	1.22053	1.7952	2.95046	2.5705
0.29904	0.81205	1.00248	1.47277	2.08221	3.22964	2.58563
0.3609	1.13663	1.40308	1.8191	2.34047	3.16738	2.65872
0.4616	1.4082	1.47217	1.88931	2.25127	3.0409	2.5494
0.25182	0.78946	0.8571	1.19328	1.82893	2.96422	2.58868
0.19002	0.64019	0.74401	1.11913	1.68976	2.83365	2.56313
0.21728	0.66832	0.68448	1.05065	1.64825	2.74896	2.54104
0.28323	0.91439	0.86813	1.21369	1.83434	3.03307	2.54389
0.40186	1.11433	1.20173	1.53751	2.14195	3.06096	2.61074
0.31356	0.92658	0.94359	1.22215	1.78355	2.81868	2.4995
0.36733	1.14911	1.20959	1.66008	2.09079	2.95404	2.56284
0.31634	1.1393	1.14101	1.51624	1.99496	2.917	2.53117
0.38023	0.9498	1.1475	1.48194	2.08365	3.00004	2.57093
0.16885	0.52606	0.66817	1.09547	1.67176	2.84918	2.5927
0.31178	0.9351	0.97245	1.36983	1.90107	2.9235	2.4649
0.22592	0.78049	0.95153	1.33265	1.88797	2.91458	2.63018
0.24877	0.91705	1.01419	1.38087	1.95242	3.02628	2.65751
0.25885	0.78628	0.89515	1.32366	1.92293	2.73775	2.53431
0.29608	0.9062	0.93191	1.35836	1.82403	2.79173	2.51191
0.31175	0.87436	0.95315	1.35851	1.87032	2.9937	2.60146
0.31557	0.95883	0.95877	1.30848	1.89649	2.97623	2.56593
0.29305	0.91603	0.97642	1.29931	1.92532	2.87708	2.48045
0.36378	1.15166	1.10181	1.51439	1.97042	2.99194	2.55288
0.22372	0.67107	0.81096	1.21822	1.85748	2.88241	2.59205
0.26721	0.92166	1.00577	1.33244	1.80999	2.87699	2.55649
0.34611	1.00758	1.10002	1.45848	1.81725	2.85979	2.53767
0.27934	0.94696	0.88876	1.23064	1.8277	2.96469	2.60562
0.3036	0.90104	0.95817	1.44448	2.10416	3.10049	2.66576
0.24827	0.75251	0.80061	1.1789	1.67548	2.80629	2.54388
0.36772	1.0963	1.25637	1.63614	2.07239	3.08142	2.59129
0.29073	1.03783	1.18273	1.65485	2.10782	3.05466	2.61682
0.2934	0.88503	0.97543	1.40755	1.8593	2.84679	2.57433
0.3084	0.98936	1.10114	1.514	2.0525	2.96062	2.53306
0.25122	0.72738	0.8228	1.30258	1.95226	3.03058	2.64025
0.27986	0.92695	0.86527	1.21911	1.79726	2.92702	2.55589
0.21888	0.70309	0.79034	1.19993	1.74029	2.77823	2.51924
0.26334	0.78138	0.90835	1.25754	1.77754	2.88339	2.60199
0.21118	0.6436	0.7525	1.16683	1.89275	3.1892	2.7091
0.39642	1.22258	1.18762	1.49779	1.95616	2.92113	2.53164
0.34485	1.05139	1.2344	1.58337	1.96497	2.9186	2.66622
0.31098	0.87067	1.02399	1.4677	2.02715	2.98211	2.51756
0.29874	0.95155	0.94086	1.4149	1.98574	2.92897	2.6425
0.26575	1.10365	1.20394	1.56639	2.1833	3.20465	2.6235
0.4011	1.1018	1.23703	1.72314	2.14998	3.05122	2.60089
0.29424	0.91202	0.97025	1.46831	2.02063	3.09036	2.57055
0.27406	0.82188	0.83015	1.19324	1.92228	3.09921	2.6283
0.26733	0.8344	0.85796	1.31789	1.85938	2.99441	2.59933
0.17416	0.58452	0.64334	0.93562	1.45877	2.63976	2.49512
0.26484	0.90602	0.99571	1.43096	1.97564	3.00561	2.55647
0.39839	1.1889	1.24956	1.57245	1.98294	2.88792	2.6297
0.28559	0.84151	0.97053	1.357	1.94982	2.95022	2.65085
0.33902	1.02742	1.01701	1.49164	1.92551	3.10995	2.52821
0.2592	0.84428	0.79643	1.12572	1.7272	2.77908	2.49659
0.30857	1.07119	1.14051	1.54955	1.92961	3.03116	2.58351
0.28634	0.91152	0.98476	1.35897	1.87086	2.94009	2.56862
0.34566	1.09729	1.13231	1.41672	1.87256	2.90016	2.52152
0.442	1.4446	1.22719	1.64673	2.03761	2.96461	2.5374
0.26835	0.91221	0.998	1.38283	1.93154	2.9201	2.55126
0.3828	1.21733	1.34178	1.60783	1.98322	2.8913	2.54558
0.2654	0.98928	0.93106	1.2292	1.80292	2.94702	2.67174
0.23565	0.83894	0.94689	1.33783	1.93029	3.03517	2.58107
0.36109	1.22999	1.18017	1.53882	2.06928	2.95463	2.52946
0.30793	0.80452	0.93145	1.34873	1.94593	2.97572	2.5856
0.33206	0.89263	1.10554	1.42913	1.95373	3.0667	2.57476
0.31443	1.17041	1.24299	1.61887	1.97513	2.94133	2.58443
0.42592	1.32277	1.25839	1.59541	2.1005	3.19799	2.62578
0.27485	0.79276	0.90383	1.2407	1.86949	3.05167	2.6231
0.26719	0.88462	1.03369	1.39775	1.93365	2.98733	2.57528
0.21362	0.80327	0.80673	1.2671	1.77052	2.86418	2.63406
0.21135	0.80517	0.95566	1.32413	1.87902	2.8745	2.5991
0.30746	0.95614	1.19001	1.56967	2.09023	2.99845	2.55183
0.313	0.9761	1.14984	1.55862	2.06794	2.92471	2.54788
0.51267	1.52381	1.48706	1.91046	2.27997	3.10616	2.61753
0.40842	1.20924	1.2945	1.63148	2.14404	3.04267	2.62325
0.22713	0.8275	0.8422	1.15857	1.70645	2.93008	2.53366
0.48979	1.45899	1.187	1.55612	1.89874	2.9464	2.53845
0.39757	1.39122	1.42502	1.8739	2.24588	3.1129	2.57912
0.33386	1.13096	1.22861	1.5686	2.11063	3.26902	2.66715
0.2738	0.83985	0.88381	1.27253	1.84023	2.86592	2.48792
0.24681	0.9749	1.00943	1.29858	1.79423	2.85662	2.60083
0.36064	1.09571	0.98641	1.39769	2.05092	3.10664	2.62494
0.29616	0.87132	0.89953	1.30672	1.89856	3.11954	2.62468
0.15533	0.51911	0.57329	0.96295	1.72616	3.04334	2.66132
0.31242	0.94591	0.99057	1.35044	1.84122	2.87228	2.56431
0.22227	0.63755	0.70104	1.11372	1.77729	2.88637	2.52927
0.2609	0.97597	0.95959	1.43899	1.9856	2.97391	2.58514
0.37812	1.38116	1.29318	1.7495	2.11994	3.06162	2.59999
0.32282	1.02123	1.11597	1.60533	2.10058	3.03149	2.56547
0.32338	0.94232	1.00916	1.57781	2.13693	2.93255	2.52679
0.32928	0.89398	0.97366	1.3789	1.77019	2.78616	2.46021
0.25091	0.90948	1.04639	1.51771	2.06711	3.12974	2.58194
0.30718	0.98197	1.07029	1.34209	1.85587	2.95237	2.5611
0.30842	0.94553	1.08961	1.58816	2.01172	2.96636	2.55055
0.12522	0.49672	0.60921	0.98165	1.75391	3.05041	2.63717
0.1857	0.6802	0.80677	1.20802	1.80826	2.88154	2.63444
0.29761	1.0929	1.13134	1.52962	1.98344	2.85058	2.46357
0.27029	0.77612	0.82814	1.29998	1.95445	2.96989	2.44666
0.28417	0.91801	0.93504	1.27734	1.94536	2.95203	2.50906
0.38159	1.29157	1.18532	1.61228	2.09911	3.16869	2.57847
0.3871	1.32192	1.30916	1.62582	2.08822	3.09727	2.58917
0.3982	1.29211	1.20537	1.71143	1.95177	2.89192	2.56036
0.26153	0.64207	0.76717	1.16189	1.75878	3.06464	2.59646
0.38294	1.1911	1.22793	1.6391	2.16099	3.12247	2.62723
0.28089	0.84831	0.99695	1.4101	1.94718	2.9493	2.58816
0.3222	1.10278	1.10053	1.42195	1.94777	3.10848	2.64714
0.29812	0.89533	1.08985	1.62031	2.23593	3.27366	2.69619
0.39503	1.33031	1.28999	1.55953	2.00834	3.00958	2.57772
0.37557	1.2678	1.24459	1.68116	2.07373	2.94395	2.60778
0.45595	1.66272	1.64383	2.12679	2.38978	3.18817	2.58235
0.53206	1.37255	1.61756	1.97819	2.36429	3.2209	2.57802
0.64366	2.1758	1.98498	2.37869	2.51922	3.23502	2.63727
0.38321	1.36251	1.42568	1.81873	2.12953	3.08606	2.60386
0.3003	0.88688	0.99628	1.34612	1.84818	2.89474	2.53434
0.47432	1.66696	1.51227	2.02391	2.18951	2.99016	2.59442
0.51102	1.48261	1.42143	1.85829	2.17188	3.1319	2.63697
0.41237	1.22792	1.27233	1.64581	2.24083	3.17057	2.69894
0.43483	1.31978	1.53528	1.72551	2.30919	3.3725	2.65128
0.37544	1.0181	1.16783	1.5225	2.04184	3.1621	2.60617
0.38339	1.30123	1.31574	1.65784	2.06218	3.05123	2.56503
0.51151	1.20062	1.19055	1.54778	2.09838	2.92375	2.49784
0.4461	1.41975	1.42794	1.80589	2.19923	3.34504	2.63901
0.28592	0.96562	1.04663	1.35746	1.82033	2.92301	2.57472
0.4009	1.1346	1.1644	1.54894	2.0029	2.98476	2.5592
0.35179	1.29551	1.37221	1.77333	2.12936	2.93975	2.55052
0.28446	0.89278	0.94336	1.39583	1.81477	2.86226	2.51702
0.23395	0.84005	1.03266	1.42104	2.02568	3.01131	2.6133
0.43517	1.44306	1.63681	1.97872	2.35446	3.38881	2.64533
0.37209	1.2698	1.26162	1.61246	2.08945	3.19915	2.682
0.34187	1.07666	1.08558	1.46074	2.035	3.14453	2.64608
0.2547	0.92784	1.05691	1.47076	2.04658	3.04503	2.66482
0.33203	1.05655	1.14924	1.60848	2.02773	3.17645	2.63071
0.32597	1.1385	1.20444	1.69688	2.17687	3.10255	2.63506
0.3089	0.82351	0.97802	1.29206	1.96817	2.98204	2.57473
0.30047	0.85331	0.98988	1.40295	2.03545	3.0685	2.63078
0.4503	1.35187	1.28558	1.80051	2.20847	3.15326	2.53769
0.38089	1.0658	1.19853	1.64939	2.11918	3.05034	2.58379
0.31253	1.02165	1.13072	1.50641	2.06249	3.12313	2.6539
0.30173	1.01746	1.14073	1.48746	1.9259	3.00012	2.62719
0.4457	1.26624	1.35668	1.8495	2.22802	3.01653	2.59847
0.21381	0.72667	0.82508	1.25842	1.92914	2.91669	2.60476
0.38221	1.15994	1.28554	1.66288	2.16395	3.16966	2.65013
0.4188	0.97819	1.24501	1.69307	2.16583	3.02145	2.53668
0.44815	1.34854	1.55323	2.12017	2.41443	3.12424	2.56721
0.33565	1.05099	1.00317	1.29988	1.93913	2.87947	2.45395
0.22053	0.6519	0.82924	1.23919	1.88102	3.03975	2.56639
0.3598	1.03773	1.13029	1.53751	1.9888	3.02867	2.55392
0.30237	1.10031	1.10564	1.50457	1.99757	3.13093	2.65592
0.21115	0.70874	0.76277	1.14417	1.80198	3.0313	2.5911
0.2601	0.86793	0.89927	1.22346	1.83659	2.92341	2.59149
0.26697	0.99077	0.96122	1.28705	1.71787	2.9156	2.52819
0.36486	1.30347	1.34193	1.80881	2.04123	2.98223	2.49346
0.25347	0.80409	0.92393	1.27596	1.9408	3.03087	2.56288
0.37399	1.15302	1.19053	1.48735	1.9574	2.96005	2.5101
0.41047	1.2577	1.35906	1.63406	2.13153	3.1428	2.59311
0.38293	1.26086	1.28709	1.65104	2.11703	3.30498	2.68942
0.53944	1.80192	1.67265	2.08476	2.29961	3.22286	2.58173
0.39065	1.55608	1.54008	1.8386	2.17077	3.0559	2.56356
0.46936	1.18008	1.36745	1.73683	2.1662	3.02809	2.59615
0.40668	1.10069	1.09566	1.48834	1.98438	2.99946	2.48208
0.21988	0.70205	0.82388	1.21769	1.83444	2.938	2.52779
0.50457	1.71098	1.56779	1.8689	2.06251	2.96835	2.56574
0.26485	0.85076	0.91921	1.24312	1.89583	2.87883	2.5304
0.39466	1.24012	1.28459	1.79757	2.33817	3.21675	2.65959
0.34439	1.01957	1.114	1.56003	2.15253	3.09811	2.62707
0.56438	1.65897	1.78438	2.1986	2.41382	3.09678	2.52866
0.45355	1.11075	1.26577	1.54865	2.18905	3.10114	2.60095
0.40368	1.41553	1.35571	1.68958	2.01195	2.98845	2.5344
0.44104	1.22051	1.3839	1.80621	2.33368	3.253	2.61042
0.25014	0.86295	0.92713	1.34727	1.9143	2.9257	2.54406
0.35981	1.13465	1.22143	1.65934	2.13924	3.23475	2.62766
0.35783	1.09808	1.12572	1.53475	1.93869	2.9236	2.51054
0.32658	0.92436	0.98713	1.41886	2.07415	3.1479	2.54388
0.30986	0.96066	1.04024	1.37404	1.97901	3.03118	2.61339
0.28948	0.85576	0.923	1.38887	1.89649	3.0197	2.58621
0.34725	0.94998	1.04287	1.37922	1.98224	3.01363	2.54123
0.32705	1.08951	1.30998	1.64077	2.09166	3.15005	2.58004
0.33721	1.06821	1.26979	1.70335	2.1166	3.084	2.61302
0.41828	1.17131	1.20764	1.63497	2.10263	3.06149	2.55211
0.31961	0.88576	1.08625	1.61874	2.08278	2.9542	2.54035
0.26207	0.82868	1.02787	1.497	2.0592	3.08639	2.56316
0.48862	1.3636	1.43759	1.89477	2.25642	3.1134	2.57079
0.40516	1.13344	1.14891	1.49883	2.03713	3.15585	2.50843
0.36668	1.11119	1.23558	1.63233	2.15832	3.18187	2.60152
0.86374	2.21784	2.45757	2.87119	2.92228	3.60169	2.65662
0.36683	1.24215	1.28229	1.76833	2.24002	2.99876	2.5915
0.48007	1.63182	1.79974	2.16559	2.33013	3.10754	2.55431
0.47354	1.267	1.2457	1.73039	2.25892	3.13278	2.51019
0.36159	0.99894	1.25725	1.68539	2.14498	3.005	2.52696
0.39071	1.17339	1.18511	1.49723	1.93027	2.91595	2.49851
0.41629	1.2379	1.22307	1.65445	2.0494	3.06214	2.53471
0.41632	1.16406	1.05453	1.48381	1.94623	2.93223	2.5509
0.34875	1.09665	1.11966	1.52078	2.06289	3.05662	2.57092
0.36772	1.09555	1.08511	1.42835	1.92419	2.9417	2.5296
0.33546	1.01153	1.18317	1.61632	2.16475	3.07607	2.54752
0.43467	1.12768	1.23352	1.58314	2.10291	3.06502	2.55948
0.36221	1.08933	1.21774	1.7348	2.26752	3.23862	2.60975
0.33365	1.05776	1.20946	1.57482	2.18649	3.11035	2.57853
0.53194	1.63719	1.59085	1.91908	2.14344	3.04256	2.46507
0.5436	1.79373	1.62196	1.92052	2.15537	2.99792	2.51153
0.38438	1.25163	1.31073	1.62089	1.95533	2.89323	2.50804
0.39963	1.16837	1.37339	1.85351	2.23104	3.20678	2.56864
0.44489	1.30701	1.21274	1.60062	2.06106	3.08145	2.55989
0.3252	1.08505	1.36249	1.65774	2.16009	3.14693	2.60484
0.50305	1.57594	1.39106	1.80131	2.13224	3.11861	2.562
0.38855	0.99296	1.08544	1.52315	1.98274	2.99051	2.52509
0.2063	0.74898	0.7718	1.26972	1.80789	2.91963	2.51058
0.24528	0.69662	0.80452	1.22248	1.87641	2.76495	2.47374
0.38984	1.15732	1.21365	1.56704	2.22739	3.21725	2.63125
0.41979	1.17111	1.25465	1.67453	2.17054	3.2931	2.59494
0.49425	1.49641	1.53209	2.14686	2.31308	3.06879	2.57294
0.2563	0.77109	0.89292	1.23362	1.90978	2.93144	2.56226
0.51869	1.42378	1.46453	1.87495	2.12994	3.0274	2.50262
0.61139	1.73248	1.85737	2.31535	2.44221	2.97601	2.44606
0.6289	1.67694	2.01292	2.36011	2.56266	3.21204	2.62384
0.52537	1.57756	1.5774	2.06942	2.25506	3.1186	2.5206
0.37384	1.06433	1.10334	1.51095	2.09248	3.03933	2.53996
0.32925	0.97632	1.09179	1.62814	2.26538	3.13408	2.61997
0.27154	0.84388	0.96416	1.35661	2.03827	3.17325	2.62911
0.31418	0.99616	0.98067	1.3699	1.84451	2.80755	2.46603
0.4235	1.20467	1.22344	1.57416	2.03912	2.97769	2.52588
0.41881	1.13408	1.29299	1.70913	2.21051	3.17141	2.58729
0.25972	0.90636	0.99858	1.2647	1.93504	2.79992	2.48996
0.34409	0.9817	1.05869	1.42691	2.00209	2.97709	2.47781
0.38669	1.17326	1.33884	1.63774	1.95401	2.83076	2.50946
0.44257	1.38421	1.3153	1.6159	2.0653	3.04893	2.51577
0.46265	1.34525	1.50715	1.94445	2.22896	3.17167	2.59689
0.38859	1.1558	1.18073	1.56035	1.91294	2.77832	2.40217
0.26151	0.7305	0.86949	1.31896	1.94997	2.99027	2.58981
0.45609	1.35427	1.40111	1.64448	2.06853	2.9147	2.48189
0.4601	1.25421	1.13708	1.48667	1.98563	2.97697	2.58645
0.42551	1.18257	1.2446	1.6905	2.21055	3.0862	2.59733
0.41456	1.20024	1.35075	1.7578	2.14301	3.05912	2.52539
0.38071	1.09585	1.06602	1.52398	2.02785	3.02607	2.52386
0.39016	1.22978	1.28351	1.64765	1.99143	2.82189	2.46483
0.38201	1.09503	1.06603	1.50024	2.12615	2.96865	2.52784
0.39421	1.20203	1.33411	1.55555	2.08157	2.90654	2.40678
0.40743	1.13315	1.28474	1.64984	2.15033	3.11157	2.55862
0.38798	1.05249	1.21506	1.65754	2.06219	3.0564	2.61203
0.45447	1.36199	1.42362	1.7546	2.17494	3.08209	2.55564
0.4445	1.41888	1.34681	1.76135	2.17056	2.96795	2.49121
0.40008	1.33148	1.26119	1.8245	2.31108	3.14253	2.58992
0.23622	0.65563	0.91196	1.45027	2.04981	3.1033	2.64569
0.23747	0.70263	0.78453	1.23662	1.90309	2.99331	2.47907
0.44627	1.27536	1.37628	1.72266	2.05828	2.9983	2.51332
0.20283	0.77251	0.86096	1.35579	2.01301	3.05442	2.54259
0.30618	0.98793	1.05524	1.52095	1.98004	2.82655	2.42926
0.29109	0.98809	1.04719	1.36836	1.92446	3.02175	2.52284
0.29926	0.98448	1.08336	1.30026	1.84598	2.89759	2.48184
0.34339	0.84618	0.79388	1.27726	1.94119	3.07414	2.6004
0.47403	1.42237	1.28916	1.70936	2.16331	3.04627	2.53097
0.47969	1.42012	1.47087	1.87448	2.37092	3.15351	2.56639
0.43963	1.44288	1.40696	1.8498	2.26614	3.07182	2.51455
0.34068	1.0801	1.13889	1.48002	1.94826	2.89516	2.54219
0.33335	1.04938	1.17963	1.49644	1.96095	2.92533	2.51548
0.61491	1.81251	1.77981	2.27301	2.28738	3.14659	2.52445
0.35085	1.09466	1.03995	1.42231	1.89069	2.87864	2.51403
0.4845	1.34815	1.38705	1.64515	2.18044	3.04002	2.49543
0.44292	1.41695	1.57596	1.92952	2.13061	2.93944	2.50414
0.47968	1.42356	1.50564	1.87444	2.3039	3.20175	2.58381
0.41412	1.35656	1.22749	1.61836	2.16318	3.07686	2.5464
0.38448	1.12505	1.43701	1.7955	2.07627	2.94479	2.47002
0.53474	1.49823	1.57679	1.9334	2.27	3.1421	2.5419
0.57763	1.87778	1.75484	2.13862	2.2605	2.91488	2.44071
0.47399	1.30016	1.25944	1.70319	2.10591	2.99151	2.53336
0.24006	0.72788	0.93204	1.28519	1.97481	3.02962	2.51184
0.19592	0.58453	0.61104	1.01952	1.74745	2.90343	2.46351
0.34487	1.01515	1.18772	1.58726	2.12456	3.10416	2.61532
0.4498	1.26923	1.14525	1.47373	1.9456	3.03604	2.54679
0.32233	1.07798	1.20667	1.60004	2.08989	2.91801	2.42854
0.24141	0.80679	0.86218	1.24198	1.8411	2.88452	2.52331
0.33636	1.23911	1.26606	1.65558	1.98122	2.89585	2.54493
0.26959	0.88965	1.03887	1.40358	1.84691	2.7663	2.49384
0.39145	1.34937	1.48417	1.83492	2.16517	3.0301	2.50502
0.47654	1.54304	1.68611	1.96814	2.19736	2.9148	2.48283
0.48585	1.33009	1.35234	1.74189	2.10924	3.0078	2.38647
0.53352	1.6767	1.77955	2.20589	2.48179	3.11804	2.5503
0.40642	1.19605	1.4489	1.84998	2.28475	3.10013	2.58377
0.46412	1.40872	1.34726	1.75525	2.17646	3.06878	2.48517
0.34594	1.13456	1.22664	1.70592	2.11819	2.98674	2.49913
0.52007	1.72893	1.5426	2.02477	2.33853	3.1594	2.57001
0.34611	0.9757	1.19608	1.59488	2.01123	2.8635	2.40363
0.44423	1.26453	1.24899	1.5736	1.92491	2.83015	2.42741
0.44229	1.14616	1.20147	1.54796	2.06065	3.23481	2.59591
0.39282	1.24389	1.37299	1.73868	2.1076	3.00699	2.51407
0.31296	0.84936	1.08689	1.44389	1.95235	2.93953	2.44793
0.36598	1.20848	1.22977	1.60592	2.03143	2.89471	2.40229
0.45267	1.41828	1.30159	1.67608	1.97807	2.94462	2.50922
0.34163	1.00084	1.15109	1.54065	2.11136	2.99755	2.49452
0.38849	1.10736	1.30805	1.73438	2.21862	3.10599	2.49676
0.21699	0.82126	0.92468	1.30005	1.90188	2.82904	2.41675
0.191	0.66543	0.71653	1.18244	1.83038	2.88743	2.40017
0.40083	1.19509	1.18773	1.60055	2.10031	3.05251	2.45946
0.32588	1.07693	1.09159	1.39696	1.9885	2.8744	2.4178
0.30002	0.998	1.00194	1.51251	2.09141	3.15223	2.5484
0.47041	1.45492	1.4213	1.89607	2.10379	2.98952	2.49194
0.37771	1.12149	1.31144	1.67953	2.1234	3.13731	2.53057
