fc.0.weight	fc.2.weight	fc.4.weight	fc.6.weight	fc.8.weight	fc.10.weight	fc.12.weight
0.07291	0.46491	0.49519	1.02541	1.71208	2.78186	7.32396
0.08835	0.49553	0.52445	1.05531	1.69066	2.37257	6.6225
0.07401	0.45205	0.4733	0.89298	1.35202	1.80012	5.22144
0.12619	0.69873	0.64172	1.29987	1.93166	2.68472	6.06831
0.18843	1.08967	1.09199	2.09735	2.88847	3.48134	6.5526
0.20064	1.32057	1.32294	2.32892	3.21798	3.88166	6.76943
0.24314	1.43482	1.49448	2.89172	4.22574	4.75312	6.77177
0.13466	0.77886	0.76897	1.43911	2.27616	3.28654	5.97677
0.24846	1.31364	1.24299	2.09106	2.94589	3.75391	6.27712
0.14549	0.87645	0.90862	1.68266	2.90811	4.34486	6.63249
0.31472	1.75491	1.82324	3.33577	4.74117	5.98529	7.14372
0.33078	1.89219	1.74742	2.99031	3.95321	5.00414	6.86728
0.20706	1.12303	1.14786	2.25483	3.47668	4.82061	6.76993
0.19296	1.22884	1.21654	2.19626	3.30023	4.59053	6.81038
0.24813	1.48886	1.46284	2.6114	3.84956	5.17703	7.11903
0.27055	1.76831	1.66949	2.81434	3.91897	5.36476	6.88838
0.31952	1.92516	1.79939	3.0873	4.41662	6.14323	7.48192
0.50474	2.92544	2.66761	4.38225	5.97395	7.50241	7.48878
0.35113	1.89683	1.81809	3.17515	4.78392	6.60541	7.60495
0.24813	1.58129	1.5491	2.74607	4.02687	6.2704	7.44937
0.45068	2.82115	2.75553	4.68526	6.47	8.43469	7.70075
0.35944	2.5224	2.33409	4.06483	5.63904	7.64211	7.80036
0.37319	1.94875	1.87705	3.37238	4.77092	6.48396	7.35069
0.51369	3.03499	2.76584	4.66069	6.29221	8.02297	7.60635
0.24845	1.42637	1.49803	2.97403	4.86575	7.14204	7.54504
0.47386	2.72761	2.56253	4.37764	6.14472	8.19507	7.9754
0.53101	3.49466	3.28629	5.30132	6.45177	7.63064	8.15698
0.29613	1.86731	1.8899	3.13569	4.32115	6.2476	7.38242
0.31434	1.87777	1.75561	2.96893	4.25979	6.5873	7.53592
0.54382	3.73973	3.42936	5.37342	6.38014	7.42276	7.60842
0.34539	1.94048	1.76562	2.98745	4.16127	6.10932	7.54831
0.2881	1.67918	1.51463	2.70389	4.25727	6.83561	7.70129
0.32068	1.84495	1.8075	3.23415	4.72411	7.05576	7.54311
0.50898	3.13344	2.91072	4.60514	5.78997	7.43376	7.5395
0.59659	3.16835	2.89453	4.73913	6.02742	7.87227	7.51706
0.46514	2.73222	2.43594	3.91857	5.43059	7.46351	7.47043
0.41924	2.37622	2.21535	3.85852	5.65552	7.72957	7.71972
0.48437	2.54894	2.3494	4.11736	6.16266	8.35644	7.96837
0.46788	2.82795	2.74937	4.49775	5.61879	7.56706	7.34376
0.3824	2.20959	2.12561	3.68113	5.29332	7.87425	7.91929
0.45129	2.44933	2.20607	3.71196	5.24967	7.38099	7.47328
0.45794	2.69063	2.45157	4.00968	4.92789	6.76822	7.56017
0.46216	2.82377	2.57091	4.00635	4.9902	6.7922	7.50066
0.37476	2.43696	2.17831	3.63775	5.23369	7.6074	7.49676
0.53027	3.01368	2.64284	4.19997	5.39295	7.27732	7.34433
0.37443	2.14736	2.01409	3.47829	5.19676	7.63562	7.48216
0.42959	2.6758	2.35428	3.81695	5.70715	8.27592	7.83121
0.75646	4.00901	3.47701	5.70703	7.46608	9.09388	7.9132
0.65197	3.34451	2.98447	4.94051	6.90603	9.36535	8.09265
0.50097	2.77262	2.47577	4.00531	5.54065	7.48635	7.60139
0.42638	2.46169	2.24169	3.59408	5.22142	7.59354	7.53221
0.48248	2.43693	2.17227	3.57877	5.25754	7.5698	7.76688
0.52788	3.31605	3.012	4.45558	5.37295	7.26019	7.38739
0.47515	2.57121	2.43591	4.082	5.71796	8.33902	7.62786
0.3547	2.04651	1.87754	3.08611	4.32871	6.60359	7.37651
0.3033	1.8214	1.78329	3.13398	4.80548	7.30813	7.48887
0.49463	2.93421	2.69736	4.13831	5.2276	7.31704	7.5845
0.67544	3.668	3.29836	5.09899	5.86822	7.58632	7.43084
0.41298	2.51814	2.33242	3.69077	5.27913	7.77704	7.75391
0.35682	2.00956	2.0657	3.55331	5.09608	7.31334	7.27641
0.45112	2.61092	2.41784	3.70196	5.07359	7.44423	7.63724
0.57994	3.37092	3.06356	4.73686	5.79124	7.4729	7.51395
0.56916	3.3385	3.00891	4.56276	5.81444	7.65079	7.49349
0.48568	2.82719	2.60871	3.9996	5.22781	7.24527	7.37501
0.51899	3.05776	2.91163	4.67336	5.76528	7.8024	7.67891
0.60346	3.50838	3.18442	4.81227	5.80842	7.62907	7.68291
0.38596	2.29715	2.19594	3.56544	5.14238	7.60409	7.36955
0.52786	3.21358	2.97085	4.56134	5.3963	6.91172	7.31821
0.44482	2.5791	2.35209	3.56213	4.985	7.09906	7.27532
0.46947	2.61553	2.35947	3.8325	5.19731	7.41326	7.48945
0.60826	3.56732	3.05015	4.64695	5.96458	8.20415	7.7134
0.73144	3.89463	3.71681	5.79578	6.85483	8.37649	7.67843
0.72363	4.44003	4.01046	5.82009	6.68094	8.25033	7.47759
0.81562	4.86209	4.44428	6.54158	7.27417	8.40022	7.57302
0.79265	4.70997	4.16708	5.93216	6.96244	8.98137	7.68495
0.55346	3.10132	2.7389	4.44345	5.74431	8.06761	7.33781
0.52705	2.93339	2.5293	3.96025	4.97289	7.00698	7.2751
0.63908	3.73804	3.32362	5.04465	5.87826	7.44895	7.28867
0.66983	3.7411	3.20304	4.76654	5.71961	7.26177	7.22803
0.6346	3.12398	2.80658	4.30572	5.47964	7.41602	7.45134
0.40351	1.95727	1.8338	2.92899	4.47133	6.98258	7.47131
0.38143	2.0011	1.81428	3.11193	4.47394	6.8969	7.32089
0.58726	3.15065	2.85034	4.54641	5.8202	7.55437	7.24683
0.44079	2.77013	2.62677	4.22452	5.36808	7.0556	7.28474
0.5755	3.27739	2.90133	4.39258	5.7881	7.6827	7.58369
0.48513	2.89691	2.74339	4.2154	5.71301	7.87563	7.59397
0.77927	3.9791	3.37132	4.91472	5.97196	7.85739	7.36451
0.7633	4.29536	3.7925	5.80222	6.65895	8.25035	7.55274
0.41124	2.41889	2.34442	3.66493	4.84012	7.00606	7.37579
0.669	3.52134	3.13193	4.71384	5.44968	7.20735	7.22732
0.45729	2.63819	2.63531	3.98334	5.32921	7.18882	7.30923
0.64453	3.46995	3.17906	4.6511	5.4317	7.4083	7.33465
0.54506	2.74075	2.44628	3.95753	5.06692	7.3262	7.43238
0.30126	1.81568	1.77746	2.95147	4.46131	6.96372	7.19876
0.67486	3.71149	3.2889	4.54042	5.24709	6.97615	7.16191
0.66994	3.32119	3.00072	4.56972	5.68584	7.15611	7.04691
0.53853	2.79322	2.6679	4.20301	5.59445	7.41177	7.19356
0.38553	2.11227	1.96457	3.13239	4.48363	6.50555	7.04699
0.51942	3.29219	2.96278	4.31329	5.26085	6.87773	6.99292
0.54632	3.16524	2.78424	4.07829	5.01186	6.72629	7.00754
0.49346	2.82989	2.66426	4.01262	5.24773	7.57775	7.28758
0.71538	4.01336	3.76432	5.43645	6.13172	7.30688	7.13342
0.53878	3.49525	3.12488	4.66799	5.77811	7.45479	7.39687
0.46354	2.27802	2.14155	3.65309	4.9275	7.0561	7.02802
0.52458	3.26428	2.95006	4.36954	5.15431	6.88054	6.99451
0.73028	4.20368	3.56484	5.21545	5.89434	7.29875	7.23138
0.61135	3.23406	2.89715	4.45531	5.70224	7.62811	7.38736
0.56475	2.93116	2.64215	4.12242	5.46394	7.63612	7.14278
0.49544	2.85535	2.52239	3.64365	5.09103	7.17048	7.18196
0.52753	3.12014	2.80999	4.13371	5.13957	7.0653	7.32651
0.55333	3.18183	2.81062	4.052	5.03875	7.19549	7.33887
0.58218	3.5469	3.03901	4.37392	5.16021	6.85416	7.03719
0.75085	4.31947	3.7198	5.73507	6.75594	8.36001	7.47978
0.69403	3.8845	3.4377	4.87272	5.93804	7.44668	7.35282
0.84777	4.94229	4.23427	6.26673	6.89813	8.2618	7.4291
0.69366	3.84792	3.25564	4.85292	5.48557	7.22127	7.15619
0.65656	3.99024	3.69991	5.32063	5.81872	7.82996	7.21038
0.65228	3.53779	3.25697	4.76868	5.75812	7.63383	7.11078
0.48731	2.73237	2.50108	3.77136	4.93362	6.94458	7.20026
0.54788	2.5758	2.32917	3.64618	5.1382	7.18483	7.17743
0.93492	4.78698	4.11024	6.01192	6.8234	8.17165	7.29722
0.55907	3.14792	3.1229	4.7768	5.63058	7.02544	7.02597
0.54086	3.20279	2.8564	4.33981	5.2841	6.85873	6.96314
0.52343	2.86401	2.59636	4.11537	5.31003	6.99875	6.9013
0.69908	3.76327	3.4213	4.81962	5.13824	6.63129	6.70017
0.43218	2.42302	2.10584	3.15428	4.12688	6.1816	6.86504
0.69407	4.07113	3.5169	4.76588	5.24682	6.74941	6.85644
0.45367	2.79764	2.37774	3.49617	4.39029	6.36139	6.88359
0.53065	3.0504	2.63233	4.01986	5.13132	7.32507	7.11012
0.66594	4.2615	3.61395	5.07611	5.59802	7.04711	6.92248
0.46571	2.73181	2.50294	3.72342	4.6702	6.71066	6.81494
0.81354	4.53562	3.88024	5.40539	5.77428	7.18603	6.9702
0.58363	3.18547	2.98168	4.79235	5.64692	7.38851	7.04603
0.79128	4.11941	3.37634	5.09655	6.01199	7.55625	7.23079
0.70749	3.72377	3.33937	5.00193	5.67303	7.24975	6.96773
0.388	2.29429	2.21756	3.51896	4.87795	6.90047	6.94755
0.47343	2.56693	2.4745	3.7763	4.52356	6.33132	6.83576
0.73986	3.8612	3.38147	5.12059	5.93391	7.58414	7.34452
0.65514	3.35715	2.98707	4.64127	5.42023	7.15676	7.12107
0.6119	3.22521	2.79019	3.99122	4.64286	6.44829	6.62037
0.43565	2.58635	2.31477	3.35243	4.35299	6.3203	6.68755
0.65888	3.32712	2.99956	4.41444	5.30542	7.18648	6.91492
0.79293	4.38068	3.6971	5.12746	5.65474	7.25899	7.03763
0.54981	3.00988	2.64307	4.13286	5.17487	6.69678	6.95959
0.49876	2.89909	2.77027	4.11407	4.97483	6.59016	6.7232
0.6454	3.40942	3.04097	4.34726	5.15138	6.73495	6.80073
0.5284	3.0218	2.67729	3.97761	4.79505	6.30802	6.66985
0.55285	3.0978	2.70133	4.02353	5.08621	6.96038	7.07997
0.93972	4.78575	3.96975	5.885	6.13651	7.06174	6.85682
0.68344	3.60469	3.19805	4.38037	5.117	6.7271	6.9132
0.68263	3.694	3.19065	4.675	5.69239	7.43443	7.26097
0.5953	3.63511	3.17782	4.42438	4.93638	6.44349	6.81021
0.42655	2.1754	2.04747	3.10685	4.09908	5.88136	6.63635
0.46672	2.72111	2.66508	4.00044	4.70253	6.34339	6.81504
0.44108	2.12704	1.92971	2.90398	3.86849	5.61667	6.59375
0.46724	2.45918	2.22635	3.40603	4.6021	6.37143	6.68912
0.44389	2.40183	2.19999	3.42293	4.38068	5.86396	6.4985
0.53495	3.00688	2.65234	3.66482	4.46425	6.047	6.70792
0.48528	2.62399	2.28596	3.21283	4.14686	6.05252	6.75387
0.73005	4.14187	3.61645	4.89491	5.66467	7.26359	6.81683
0.59497	3.47442	3.05537	4.33707	5.02383	6.58388	6.6706
0.54294	3.03453	2.65736	3.87854	4.89474	6.53553	6.80565
0.48255	2.81365	2.35938	3.56141	4.37591	6.09058	6.62268
0.59054	3.40707	2.92583	4.03074	4.81647	6.43773	6.60775
0.5755	3.01448	2.52433	3.64604	4.39973	5.92758	6.69652
0.5586	2.96019	2.6464	3.66838	4.32286	5.80328	6.54267
0.75124	3.85968	3.28716	4.46621	4.9708	6.42594	6.68365
0.49673	3.1034	2.73224	3.77144	4.57005	6.18002	6.61703
0.67408	3.78701	3.3299	4.66874	5.18814	6.79238	6.84621
0.7439	3.9741	3.54283	5.00693	5.4848	6.86428	6.94824
0.439	2.44509	2.41642	3.66027	4.73618	6.52303	6.82216
0.67749	3.61755	3.17839	4.60139	5.11896	6.48793	6.72198
0.85551	4.80971	4.45445	6.11919	6.10808	7.26716	6.86076
0.58195	2.86244	2.44071	3.55695	4.60573	6.23474	6.54028
0.95525	4.83965	4.13733	5.40751	5.58988	6.83519	6.61353
0.63807	3.41543	3.12653	4.27869	4.99255	6.40812	6.70984
0.70611	3.85916	3.32884	4.5573	5.33874	6.85838	7.0202
0.68514	3.60023	3.03534	4.48457	5.02007	6.4391	6.66093
0.5086	3.11501	2.74958	3.76739	4.41374	5.92273	6.583
0.72789	3.5983	3.27666	4.41482	4.88123	6.37353	6.81549
0.56473	2.91264	2.52281	3.79971	4.98525	6.75254	6.64004
0.70723	3.95256	3.64541	5.03716	5.85573	7.17746	6.74918
0.48179	2.79755	2.29984	3.46475	4.5977	6.52973	6.67265
0.53245	2.71828	2.44811	3.4525	4.21896	5.72601	6.40452
0.63242	3.58481	3.0774	4.44272	4.85845	6.21848	6.66556
0.46945	2.79904	2.524	3.59272	4.46299	6.38679	6.79838
0.69732	3.67391	3.30907	4.64831	5.31795	6.55441	6.57831
0.60198	3.45204	3.04988	4.1651	4.59281	6.42166	6.85785
0.60394	3.27038	2.82361	4.16952	4.93315	6.39225	6.72494
0.98919	5.2815	4.53625	5.98859	5.87027	6.93719	6.77922
0.8506	4.21675	3.4384	4.5768	5.22955	7.06206	7.05378
0.61616	3.45802	3.09176	4.48708	4.96964	6.431	6.58745
0.60403	3.42826	3.10323	4.32374	5.00088	6.38109	6.44735
1.1072	5.94342	5.09188	6.42853	6.30073	6.9074	6.52572
1.03742	6.13214	5.09328	6.70808	6.12535	6.47837	6.63452
0.98158	4.90117	3.95556	5.32332	5.37854	6.48064	6.60234
0.702	3.18774	2.76477	3.8809	4.60067	6.01932	6.48434
0.74174	3.65699	3.12743	4.48977	5.15287	6.56784	6.65001
0.43295	2.16956	2.02726	3.00955	3.84159	5.61991	6.50403
0.35476	2.17162	1.97689	3.07632	4.14834	5.66269	6.33973
0.53992	2.98681	2.66964	3.68231	4.29061	5.82049	6.5213
0.53662	3.3105	2.99959	4.25043	5.13901	6.68076	6.90141
0.43673	2.65663	2.35934	3.36993	4.08395	5.60375	6.36668
0.48118	2.63076	2.55868	3.68406	4.50391	5.85973	6.44866
0.63008	3.65146	3.20724	4.28861	4.45208	5.88389	6.3691
0.48632	3.01887	2.56181	3.65576	4.32185	5.70007	6.46412
0.59054	3.00598	2.5981	3.58227	4.21351	5.6874	6.40724
0.52901	2.83312	2.49728	3.48677	4.10534	5.60959	6.36397
0.55438	2.67293	2.42292	3.60872	4.42123	6.15215	6.57998
0.49116	2.79303	2.41699	3.47113	4.31266	5.70887	6.37916
0.71963	4.03453	3.31471	4.40154	4.86733	6.31989	6.73992
0.81886	4.12598	3.40225	4.24752	4.93264	6.23294	6.50859
1.14577	4.90972	4.40223	5.54286	5.2114	6.16986	6.59015
0.7672	4.09863	3.59428	4.98625	5.47001	6.72052	6.65449
0.99547	5.01084	4.29078	5.56408	6.13293	7.10264	6.67653
0.88963	4.27936	3.65407	5.08605	6.00027	7.324	6.84927
0.7502	4.34279	3.65242	4.65221	5.3166	6.46257	6.60482
1.16294	6.59504	5.82601	7.53201	7.56784	8.23537	6.91467
0.84974	4.90365	4.1384	5.6011	5.88878	7.03469	6.70737
0.99594	4.72145	4.13161	5.59871	5.78312	6.80691	6.73114
1.06158	4.81802	3.83798	4.94691	5.25901	6.43941	6.48849
0.83851	4.62836	3.79718	5.01033	5.5764	6.83766	6.79643
0.53843	2.7479	2.45927	3.51933	4.17957	5.754	6.30692
0.55797	2.61512	2.55593	3.64288	4.23154	5.78412	6.27835
0.6299	3.10134	2.76701	3.93927	4.4604	5.79994	6.37016
0.77416	4.30835	4.0381	5.34704	5.98647	6.8157	6.6408
0.65478	3.45872	2.88418	3.89559	4.42735	5.88542	6.33536
0.8033	3.81369	3.28161	4.49202	4.78646	6.00975	6.3381
0.52656	3.25993	2.96372	4.02889	4.59239	5.73352	6.23011
0.58979	3.63615	3.18343	4.35046	4.53752	5.82587	6.33734
0.63845	3.04929	2.46755	3.29427	3.97173	5.47512	6.22697
0.67587	3.71676	3.10837	4.03905	4.44446	5.50194	6.28234
0.56706	2.7838	2.31351	3.33635	4.29365	5.85843	6.63306
0.58571	2.82328	2.47046	3.34981	4.23481	5.78858	6.47773
0.54607	2.75445	2.35715	3.25341	3.96617	5.61914	6.29195
0.65365	3.28375	2.73927	3.62135	4.18229	5.68203	6.21903
0.63299	3.73165	3.0701	3.98479	4.6076	6.31044	6.419
0.68379	3.43165	3.03254	4.13433	4.64684	5.74971	6.24764
0.62991	3.53824	3.08176	4.4521	4.91674	6.17182	6.40252
0.73737	4.05074	3.42034	4.52016	4.9836	6.23444	6.42846
0.63904	3.15839	2.84171	3.83754	4.36573	5.83331	6.47803
0.50863	2.80471	2.48159	3.57148	4.33636	5.84129	6.40088
0.62977	3.31343	2.91494	4.16715	4.71674	6.19456	6.42499
0.6499	3.19511	2.57226	3.66813	4.45578	5.93205	6.28461
0.59258	3.21135	2.86933	3.87114	4.47407	6.12065	6.39516
0.70064	3.44841	2.95082	3.99443	4.69661	6.14594	6.53787
0.75697	4.74567	3.94978	4.97042	5.03192	6.16049	6.45226
0.65507	3.55099	3.0621	4.27673	5.00185	6.27188	6.46029
0.78657	4.13928	3.37893	4.35417	4.70368	6.0778	6.43324
0.93851	4.76004	3.92328	4.86119	4.98033	5.98254	6.31105
0.66626	3.48263	2.89067	4.02259	4.52789	6.00684	6.44209
1.00418	5.56994	4.73479	6.15118	5.94843	6.76307	6.65392
0.74443	4.02653	3.39322	4.54903	4.87834	6.23332	6.36983
0.88356	5.04268	4.26917	5.79404	5.85772	6.44155	6.32324
0.40183	2.38667	2.19387	3.14349	3.96328	5.61588	6.11253
0.88215	4.36116	3.90841	5.0297	5.23949	6.33506	6.33066
0.5786	2.81034	2.55413	3.42332	4.25919	5.72831	6.28592
0.66518	3.39681	3.09147	4.36276	4.62159	5.8129	6.24212
0.68949	3.75817	3.44688	4.42777	4.91228	6.11697	6.39291
1.14679	6.44327	5.67084	7.29866	6.77571	7.14768	6.34669
1.25032	6.51651	5.33531	6.4316	6.219	6.89162	6.64215
1.06692	6.34502	5.12462	6.38755	6.10221	6.83699	6.44304
0.69801	3.70324	3.32678	4.73789	5.30583	6.53176	6.24152
1.11423	6.07232	5.00762	6.32506	6.1654	7.05172	6.62031
0.98831	5.57071	4.42668	5.8443	5.98602	6.88417	6.51614
1.32262	6.2465	5.07886	6.48466	6.18738	7.00241	6.60063
0.90917	5.67567	4.70805	5.88708	6.10746	7.06485	6.53521
1.05216	5.1978	4.25046	5.5728	5.95233	7.00166	6.55723
0.8211	4.83134	3.93868	5.16953	5.44037	6.35961	6.1753
0.66031	3.12224	2.7609	3.94886	4.66701	6.00942	6.26464
0.48534	2.73553	2.49358	3.57916	4.18532	5.43818	6.01987
0.71652	3.74017	3.26518	4.26968	4.69765	5.80936	6.08468
0.95922	4.87643	4.1983	5.2134	5.04929	5.83228	6.1304
0.53656	2.97639	2.46732	3.50207	4.16221	5.69407	6.13237
0.64754	3.14702	2.84817	3.71811	4.39926	5.58448	6.1785
0.86067	4.62332	3.91812	5.19341	5.15391	5.9356	6.11333
0.55926	3.20327	2.74575	3.72665	4.07872	5.32849	6.11495
0.62107	2.90686	2.57133	3.67314	4.58872	5.88016	6.10678
0.38689	2.2649	2.07678	2.96833	3.60717	4.98797	5.92666
0.67273	3.60862	3.01527	3.91117	4.16408	5.33707	6.10564
0.5671	3.03348	2.6183	3.58634	3.92561	5.1422	5.97874
0.85652	3.98996	3.35329	4.44897	4.62532	5.60326	6.13078
0.52402	2.97356	2.47476	3.35361	3.97347	5.51396	6.21013
0.82953	4.2315	3.36367	4.2388	4.50911	5.78412	6.17686
0.56017	3.11718	2.59364	3.61562	3.97246	5.29718	6.17339
0.49405	2.66558	2.37106	3.20163	3.95134	5.55764	6.32499
0.80025	3.79532	3.13789	4.07914	4.19305	5.4023	6.16409
0.72074	3.99911	3.2174	4.07665	4.49888	5.55162	6.14132
1.09347	5.76316	4.84062	6.04594	5.72516	6.37445	6.35233
0.8913	4.66959	3.85641	5.16927	5.14622	5.82125	6.15885
0.7489	3.56766	3.07202	4.18622	4.43039	5.47332	6.15313
0.90309	4.47908	3.72793	4.85047	5.27584	6.25296	6.40298
0.64916	3.44517	2.75238	3.59226	4.12829	5.38707	6.10942
0.72834	3.9652	3.38383	4.40847	4.41406	5.52892	6.1044
0.47508	2.45131	2.16681	3.15809	3.77692	5.05089	5.95432
0.59139	3.28106	2.8154	3.80941	4.29104	5.35862	6.03234
0.52676	2.8925	2.42357	3.23533	4.08136	5.43422	6.06281
0.60822	3.3645	3.07071	3.95987	4.04516	5.16354	6.04384
0.7054	3.74022	3.22011	4.19565	4.49622	5.76666	6.20588
0.72281	3.76178	3.27542	4.11814	4.56211	5.69698	6.24024
0.58291	3.06724	2.67469	3.69828	4.18619	5.58205	6.06814
0.69171	3.55559	3.15321	4.21148	4.31856	5.42366	6.00622
0.6732	3.9292	3.36452	4.15334	4.40091	5.4591	6.16571
1.19193	6.03835	4.81386	5.54846	5.21554	5.93266	6.10719
0.70445	3.3819	2.96685	4.03516	4.63694	5.88433	6.09445
0.45145	2.20815	1.98088	2.73909	3.55115	4.93699	5.89105
0.76238	4.04462	3.22922	4.21954	4.71229	6.02437	6.19845
1.82849	9.07387	7.33156	8.27306	6.73953	6.89206	6.50502
0.74408	3.81528	3.3603	4.4085	4.74574	5.96663	6.15035
0.83831	4.06487	3.3023	4.29172	4.62913	5.60373	5.94689
1.16756	5.64494	4.64308	5.58477	5.11428	5.66944	6.14774
0.79135	3.94551	3.17319	4.15344	4.4961	5.81357	6.03821
0.51369	2.70025	2.39439	3.59868	4.12235	5.39512	6.13124
0.50406	2.80296	2.55246	3.45035	4.07731	5.49484	6.0161
0.47039	2.46201	2.17758	3.02009	3.74841	5.07086	5.90323
0.84134	4.28748	3.73627	4.5814	4.60983	5.66971	6.07068
0.65661	3.605	3.01635	4.00675	4.28293	5.51228	6.22571
0.93945	5.35046	4.1524	5.18634	5.15421	6.05728	6.25276
0.74284	3.84602	3.71601	4.86066	5.14449	6.07801	6.25426
0.8357	4.7327	3.97677	4.93916	5.12823	5.9964	6.10806
0.77919	3.87951	3.03415	4.01073	4.7332	5.98711	6.14938
0.78003	3.76495	3.36855	4.47768	4.83671	5.80367	6.07932
0.70165	3.3435	2.76681	3.82916	4.31334	5.45572	6.08203
0.59356	3.15032	2.57523	3.32253	3.82018	4.95665	5.83145
0.7184	3.57302	3.06798	3.89527	4.39573	5.57712	6.06935
0.63907	3.01181	2.51515	3.2885	3.90101	5.13937	5.93372
0.76045	4.32222	3.75037	4.85988	4.80318	5.82025	6.04208
0.73121	3.4922	2.91616	3.94482	4.43963	5.47778	5.93122
0.58232	3.2607	2.7611	3.45784	4.09467	5.40898	5.98044
1.61592	8.53671	6.49692	7.16665	6.35096	6.77886	6.16811
2.31577	11.20116	9.03625	10.49009	8.81826	8.4462	6.93453
0.96347	5.18631	4.37443	5.51037	5.82249	6.78247	6.27314
1.24608	6.0011	4.83869	5.76236	5.7467	6.27183	5.98247
0.89322	4.59607	3.83223	4.99972	5.06032	5.96812	6.10054
0.86441	4.48371	3.84065	4.79243	4.97902	6.00114	6.1142
0.76627	3.50259	2.85656	3.73928	4.42093	5.47172	6.01406
0.78566	4.01656	3.25473	4.27769	4.41255	5.19613	5.7798
0.72564	3.59506	2.91281	3.52725	4.02158	5.09156	5.82556
1.21479	6.67547	5.28368	6.50015	6.11612	6.62319	6.33014
0.96611	5.13092	4.55122	5.78564	5.42137	6.29816	6.33274
0.66525	3.39475	2.76659	3.83726	4.3787	5.69205	6.00411
0.66363	3.59695	3.05982	3.95678	4.45926	5.376	5.98204
0.52873	2.91028	2.64114	3.43677	3.97588	5.01115	5.79352
0.67682	3.3839	2.87881	3.78453	4.19435	5.38619	5.921
0.92686	4.92465	3.91188	4.79624	4.8173	5.62282	6.02324
0.78152	3.68429	3.1147	3.98705	4.36952	5.69571	6.19588
0.70144	3.50135	2.83869	3.79399	4.08229	5.35107	5.89984
0.4166	2.1028	1.96456	2.79125	3.57938	4.91372	5.88402
0.62482	3.6144	2.97079	3.85798	4.02893	5.07978	5.83306
0.46671	2.58044	2.27033	3.0835	3.58173	4.81092	5.80995
0.78098	3.82945	3.32012	4.29514	4.15654	5.0438	5.76556
0.75463	3.8749	3.26942	4.40341	4.63811	5.55417	6.02203
0.59229	3.00468	2.46477	3.42476	3.76723	4.83699	5.81835
0.50359	2.39295	2.12611	2.87689	3.4605	4.81488	5.7637
0.51269	2.69893	2.28083	2.87135	3.53561	4.99753	5.79222
0.44477	2.27021	1.95471	2.66698	3.17805	4.60114	5.6965
0.69791	3.50969	2.92311	3.86633	3.98106	5.03521	5.93414
0.48905	2.45496	2.26054	2.97923	3.49972	4.65843	5.78136
0.41848	2.25606	1.98626	2.66915	3.16531	4.6785	5.85904
0.51425	2.58221	2.29029	2.991	3.48258	4.47822	5.63624
0.45377	2.48558	2.14846	2.88252	3.5009	4.79376	5.75399
0.61107	3.32317	3.02827	3.9645	4.18373	5.03538	5.88733
0.68822	3.51594	2.8745	3.69834	4.10084	5.07216	5.83626
0.5298	3.02224	2.4092	3.13102	3.69877	5.03747	5.74838
0.6023	2.87801	2.47535	3.21229	3.64294	5.03333	5.95564
0.4333	2.33158	2.06058	2.84331	3.37204	4.7072	5.78812
0.58219	3.25601	2.83877	3.52352	3.83543	4.89006	5.82799
0.49004	2.37956	2.19766	3.0965	3.6258	4.79346	5.6197
0.45772	2.17398	1.98854	2.75262	3.51691	5.03382	5.95723
0.68323	3.51393	2.91334	3.63474	3.96522	5.08918	6.03762
0.59305	3.25039	2.88457	3.91714	4.22192	5.09749	5.81198
0.54072	3.09043	2.73301	3.70748	4.15996	5.24122	5.94882
1.20929	5.74943	4.44149	5.07088	4.63903	5.49314	5.88511
0.70092	3.61178	2.93811	3.84429	4.09727	5.05787	5.66355
0.75164	4.18733	3.58786	4.75089	4.63247	5.53657	5.96179
0.60129	2.82876	2.44274	3.19264	3.6955	4.98508	5.7493
0.43462	2.56346	2.24106	3.08072	3.70934	4.94007	5.81475
0.5499	2.90149	2.52542	3.38713	3.70276	4.9144	5.67414
0.63439	3.35192	2.79542	3.5959	3.86157	4.96233	5.82477
0.50512	2.87603	2.388	3.13949	3.5252	4.70103	5.67851
0.62356	3.41627	2.96591	3.70915	4.00248	5.17266	5.95205
0.58121	3.14173	2.51518	3.30077	3.54806	4.74685	5.72591
0.85816	4.16818	3.39366	4.0401	3.94024	4.65743	5.60356
0.46814	2.19413	1.92309	2.69038	3.4567	4.83512	5.84503
0.72921	3.32473	2.66579	3.56393	3.9127	4.87202	5.63625
0.62054	2.88868	2.46699	3.16829	3.61585	4.75972	5.72393
0.78978	4.00467	3.14675	3.91273	4.03945	4.95438	5.73544
0.65825	3.58946	3.14832	4.06342	4.33242	5.27995	5.74077
0.64296	3.51256	2.95525	3.95952	4.44301	5.3751	6.03559
0.75191	3.94798	3.20151	3.9458	4.22118	5.30684	5.9555
0.84396	4.44714	3.90286	4.83813	4.82334	5.74945	5.86151
0.93857	4.34402	3.66745	4.59044	4.55607	5.52032	6.00147
0.93903	4.73935	3.77317	4.35794	4.58189	5.53965	5.90585
0.84097	4.29767	3.49556	4.24472	4.55187	5.72181	6.02952
0.85463	4.30934	3.56819	4.40739	4.58519	5.65012	6.13067
0.75147	4.13665	3.39659	4.12201	4.08604	5.17875	5.94979
1.02234	5.66993	4.63528	5.32912	4.91253	5.48453	5.87359
0.96335	4.41501	3.68211	4.72188	4.58042	5.45013	5.76516
0.64119	3.02097	2.58177	3.49207	4.05103	5.30255	5.94224
0.82571	4.5664	3.67734	4.5582	4.60068	5.36045	5.93788
0.557	2.81602	2.38593	3.17	3.7631	4.83566	5.77356
0.78484	3.96702	3.49394	4.44516	4.37247	5.25031	5.73692
0.9233	4.40803	3.62483	4.53397	4.33914	5.36564	5.88076
0.73388	3.80258	3.09006	4.04273	4.15782	5.01517	5.7503
0.68069	3.42065	2.84329	3.44036	3.82517	4.98495	5.75524
0.81653	4.34484	3.65043	4.36718	4.3181	5.27123	5.85122
0.77265	3.78125	2.95416	3.72647	4.23949	5.38457	6.02429
0.82279	4.07257	3.31639	4.01905	4.11365	5.05428	5.71159
0.47149	2.30017	2.02164	2.80304	3.29627	4.62632	5.61716
0.57967	2.91285	2.37652	3.0545	3.60722	4.76639	5.58082
0.52071	2.66213	2.26539	2.97835	3.58033	4.77851	5.73822
0.55345	2.87088	2.40195	3.21086	3.6455	4.74845	5.68739
0.41297	2.43123	2.11499	2.76966	3.3506	4.60815	5.64096
0.59293	2.82932	2.30545	2.93851	3.32965	4.5859	5.67398
0.41713	2.25093	2.08358	2.76557	3.26539	4.48683	5.4893
0.43068	2.44289	2.08592	2.78895	3.13244	4.44752	5.54909
0.4849	2.4667	2.05944	2.73156	3.04191	4.10563	5.39357
0.69159	3.50714	2.89134	3.68859	3.66289	4.73898	5.73269
0.69979	3.53126	2.87605	3.49742	3.77739	4.75304	5.64522
0.5929	2.91169	2.31242	2.77547	3.16801	4.42606	5.61968
0.64282	2.94799	2.49844	3.14515	3.3327	4.44767	5.65471
0.47034	2.26987	1.94978	2.69241	3.24435	4.68971	5.69806
0.41817	2.27904	1.97021	2.65009	3.19174	4.48877	5.57412
0.3084	1.79089	1.59171	2.37238	2.96383	4.35324	5.55221
0.50909	2.70634	2.22656	2.96153	3.20373	4.36325	5.54967
0.46643	2.22473	1.85288	2.49669	2.97868	4.47627	5.62803
0.44273	2.32505	1.89354	2.46848	2.94088	4.30483	5.53343
0.40666	2.44306	2.03732	2.68627	3.27957	4.69801	5.64648
0.4039	2.06933	1.81522	2.50935	2.9795	4.23089	5.63281
0.8731	4.45443	3.70149	4.19857	4.00756	4.91104	5.81829
0.5539	3.20754	2.5912	3.26399	3.45881	4.59733	5.62179
0.71398	4.12845	3.39929	4.1007	4.03121	5.04628	5.80301
1.00983	5.2594	4.21982	4.82558	4.71111	5.57587	5.71681
0.98933	4.9809	4.10462	4.8184	4.63128	5.37312	5.68643
1.10714	5.52354	4.45518	5.15263	4.75152	5.44831	5.79304
0.65381	3.681	3.01501	3.60018	4.09137	5.28048	5.72181
0.47467	2.51372	2.29374	3.13652	3.74492	5.18257	5.70847
0.93263	4.93229	4.09195	4.72025	4.50754	5.38522	5.66781
0.92317	4.6859	3.79593	4.67894	4.5175	5.26028	5.72862
0.55171	3.0544	3.02323	4.08364	4.35797	5.20064	5.7965
0.56498	2.99694	2.59973	3.2187	3.69873	4.74106	5.47813
0.74437	4.28062	3.54113	4.23898	4.23381	5.35391	5.90676
0.69311	3.2825	2.69496	3.36543	3.95	5.0796	5.71092
0.6892	3.15194	2.60555	3.32594	3.72799	4.77388	5.6753
0.79081	3.78229	2.95206	3.72217	3.76196	4.77718	5.5956
0.83012	3.98052	3.11411	3.67514	3.80578	4.98265	5.75709
0.99689	4.65463	3.77277	4.61808	4.34931	5.16391	5.75
0.7449	4.05444	3.3181	4.09596	4.1836	5.2298	5.76887
0.86271	3.81622	3.20141	4.10253	4.25102	5.19237	5.7767
0.52849	2.9382	2.79845	3.57723	3.81467	4.84595	5.6375
1.10478	5.03145	4.1243	5.1743	4.81702	5.34026	5.66648
0.83047	4.21956	3.2796	4.0797	4.18761	5.21131	5.70392
0.71849	3.62353	3.11455	3.96522	4.30733	5.22379	5.75842
0.74323	3.66444	2.99348	3.80617	4.0965	5.22315	5.71052
0.71569	3.64543	3.05866	3.86902	4.17114	5.15964	5.65568
0.69855	3.61026	3.24676	3.96185	4.03523	4.97061	5.54144
1.13378	5.27724	4.21054	5.20211	4.85381	5.35985	5.72499
1.07504	5.46524	4.95558	6.15518	5.40182	5.72889	5.87402
1.02912	4.91405	3.99656	5.04159	5.24778	6.19988	5.99661
0.76868	4.02107	3.57238	4.35103	4.3416	5.33953	5.61974
0.92541	4.87997	3.83001	4.35673	4.33298	5.25818	5.64316
1.12655	5.61961	4.53116	5.64641	4.94229	5.61455	5.7202
0.91946	4.26463	3.54541	4.36221	4.17944	5.23125	5.58618
0.92778	4.82333	3.88653	4.46671	4.36341	5.21231	5.67713
0.99102	5.12475	4.26888	5.00388	4.77949	5.24811	5.71145
1.09374	5.43332	4.55347	5.29142	4.78631	5.37063	5.71619
0.959	4.67551	4.0685	4.69377	4.37309	5.36471	5.72572
0.62339	3.3203	2.73205	3.60358	3.83742	4.92714	5.56167
0.89862	4.8084	3.985	4.84139	4.26611	5.06265	5.62163
0.67531	3.41339	2.88536	3.67055	3.92185	4.92715	5.51081
0.70737	3.60566	2.89019	3.57331	3.85659	4.94787	5.61468
0.93388	4.21143	3.36776	4.10156	4.21538	5.23038	5.70372
0.82617	3.8688	3.10702	3.86796	4.04097	4.79697	5.46841
0.75381	3.84031	3.14868	3.86403	3.89574	4.9512	5.72691
0.88894	4.63868	3.89952	4.63643	4.44899	5.29446	5.76132
1.28605	6.89883	5.41531	5.79743	5.06941	5.65912	5.73117
1.10262	5.46648	4.75818	5.34558	4.83379	5.39581	5.7833
1.02746	4.56645	3.72775	4.75248	4.74982	5.37579	5.70358
0.90976	4.40884	3.58815	4.51461	4.71569	5.23778	5.67167
1.17884	6.13085	4.80009	5.57923	4.73028	5.21545	5.53075
1.0985	5.52108	4.12756	5.05155	4.62409	5.32709	5.47805
0.77115	3.68296	3.10118	3.78899	4.12966	5.01558	5.63105
0.82044	4.42566	3.48132	4.25823	4.24336	5.10035	5.62226
0.73255	3.88423	3.10088	3.71766	3.81779	4.66976	5.5138
0.78281	3.93454	3.37026	3.90934	3.98318	4.83953	5.4972
0.41405	2.2155	1.94662	2.66788	3.12724	4.30311	5.44077
0.44569	2.24272	1.9393	2.62936	3.18646	4.31063	5.32894
0.72111	3.47277	2.70427	3.26677	3.40976	4.38522	5.53393
0.59049	3.15748	2.50091	3.18321	3.35219	4.46716	5.48643
0.4284	2.41101	2.1171	2.69018	2.97349	4.04601	5.18488
0.55635	2.76508	2.29962	2.95563	3.15287	4.24971	5.44793
0.61983	3.33881	2.73703	3.19727	3.37597	4.53217	5.50895
0.39595	2.20142	1.82551	2.46833	2.94864	4.16543	5.39686
0.71257	3.39107	2.67148	3.21654	3.4927	4.45609	5.46289
0.77542	4.19099	3.27325	3.91027	3.84631	4.74455	5.59224
0.78291	4.32602	3.41129	4.1494	4.04116	4.72753	5.54292
1.00628	4.56282	3.56298	4.25435	3.93143	4.82582	5.46961
0.562	3.23322	2.67197	3.29676	3.45456	4.52379	5.43115
0.82041	4.22227	3.27402	3.93533	3.8715	4.88908	5.46829
0.54307	2.56056	2.10695	2.72837	3.0592	4.06678	5.31257
0.29797	1.5456	1.35242	1.92827	2.47917	3.78355	5.18377
0.41349	1.77856	1.52549	2.07711	2.61186	3.79115	5.25607
0.33537	1.61735	1.34272	1.82141	2.33049	3.56758	5.22129
0.42266	2.16621	1.71136	2.1725	2.42053	3.57059	5.25003
0.2482	1.34084	1.17681	1.66252	2.20017	3.51143	5.22796
0.31765	1.75589	1.42599	1.88477	2.32871	3.54579	5.21945
0.31292	1.53524	1.31905	1.72144	2.19109	3.51484	5.21065
0.3444	1.662	1.31722	1.77063	2.22757	3.52407	5.28883
0.28311	1.57937	1.3527	1.7627	2.18805	3.45259	5.22919
0.30592	1.56051	1.27866	1.67962	2.18286	3.44152	5.20896
0.25454	1.28108	1.14159	1.59588	2.07241	3.4413	5.14008
0.26498	1.32529	1.22031	1.83089	2.30443	3.50987	5.26061
0.24869	1.32092	1.18371	1.67491	2.23533	3.58455	5.32146
0.26781	1.44718	1.27018	1.68491	2.11708	3.30032	5.12453
0.18424	0.97415	0.9631	1.42627	2.05815	3.37573	5.16676
0.27837	1.4182	1.26467	1.69594	2.24354	3.64912	5.29791
0.2309	1.24631	1.12388	1.51361	2.10312	3.38255	5.08428
0.34707	1.82795	1.55455	1.92936	2.35429	3.46087	5.19186
0.25324	1.36902	1.2713	1.73457	2.22027	3.39213	5.12185
0.37081	1.81589	1.54379	1.99046	2.42943	3.68425	5.36188
0.29766	1.52851	1.25588	1.66928	2.24571	3.46364	5.22918
0.33217	1.84085	1.42173	1.84651	2.23323	3.56585	5.2339
0.27147	1.40723	1.26564	1.70928	2.20185	3.37915	5.21659
0.27813	1.36641	1.17981	1.71482	2.27728	3.52079	5.23445
0.33282	1.89085	1.52678	1.87475	2.28017	3.51565	5.24357
0.46116	2.11977	1.7348	2.12771	2.53442	3.89361	5.48257
0.28821	1.42709	1.26155	1.71171	2.34121	3.5789	5.26066
0.24014	1.25241	1.07806	1.52872	2.08179	3.37495	5.21699
0.26634	1.35417	1.14186	1.57505	2.11484	3.49878	5.24601
0.24399	1.3148	1.19549	1.65664	2.24051	3.54024	5.27802
0.41145	2.19309	1.86684	2.19549	2.5643	3.73292	5.3774
0.32696	1.58069	1.34484	1.64046	2.21543	3.51665	5.28844
0.32213	1.76839	1.49614	1.95896	2.33129	3.5696	5.24587
0.2444	1.22142	1.11953	1.53139	2.15038	3.47347	5.28683
0.30804	1.69879	1.40637	1.77861	2.32573	3.58001	5.28207
0.34742	1.85629	1.56341	1.97065	2.26035	3.45512	5.32442
0.30609	1.65749	1.40127	1.75545	2.23946	3.60757	5.38942
0.3536	1.68748	1.40449	1.84762	2.29868	3.57289	5.27269
0.24973	1.3294	1.10823	1.59649	2.14202	3.49616	5.29627
0.20272	1.13992	0.98768	1.38958	2.04944	3.49002	5.32588
0.24455	1.17491	1.01961	1.46909	2.02031	3.37618	5.27801
0.34075	1.80326	1.52828	1.94455	2.34161	3.6206	5.35165
0.22617	1.15255	1.02294	1.43165	2.01557	3.37551	5.27226
0.24148	1.16452	1.12921	1.63779	2.21178	3.57994	5.43849
0.24467	1.38044	1.22063	1.6819	2.12675	3.43211	5.29975
0.27842	1.53592	1.30347	1.72645	2.23738	3.61308	5.46597
0.24512	1.27074	1.13202	1.51539	2.13605	3.37328	5.20335
0.34187	1.86841	1.4378	1.74912	2.20213	3.54161	5.39984
0.19994	1.16034	1.02051	1.53613	2.13219	3.44352	5.3484
0.26023	1.31989	1.13651	1.61027	2.15177	3.49838	5.26938
0.32085	1.69771	1.41722	1.86133	2.31658	3.62379	5.42544
0.33072	1.72097	1.3286	1.77399	2.26255	3.61205	5.31622
0.34248	1.97047	1.61453	1.96644	2.35179	3.53106	5.33795
0.40846	1.92811	1.67674	2.0889	2.55058	3.7329	5.37444
0.35808	1.69507	1.45239	1.84926	2.297	3.60761	5.33913
0.25497	1.24256	1.09627	1.52997	2.19495	3.49977	5.27552
0.21921	1.15892	1.13114	1.61292	2.15492	3.47163	5.28661
0.2586	1.46054	1.26544	1.70067	2.2855	3.7219	5.49205
0.34891	1.71337	1.48815	1.95009	2.34689	3.63314	5.41974
0.35724	1.78564	1.53065	2.02593	2.36688	3.62492	5.40845
0.36613	1.62606	1.40386	1.85214	2.21554	3.40856	5.24621
0.25768	1.35272	1.17955	1.64796	2.22135	3.62073	5.41171
0.32677	1.50339	1.27439	1.79266	2.30458	3.80767	5.45998
0.25174	1.19156	1.10324	1.54643	2.17025	3.66154	5.47933
0.36354	1.87888	1.49	1.84763	2.26696	3.59918	5.46629
0.40246	2.03124	1.6073	1.97992	2.4212	3.73967	5.51973
0.25401	1.29115	1.14253	1.59548	2.15232	3.50124	5.39757
0.2675	1.30476	1.10523	1.55365	2.18535	3.47686	5.34495
0.35638	1.64996	1.48611	1.82054	2.30839	3.66856	5.51107
0.30829	1.59583	1.29934	1.73939	2.30764	3.65228	5.47862
0.24445	1.26752	1.09853	1.51092	2.08964	3.45176	5.39062
0.18319	1.02719	0.9356	1.40812	2.08768	3.61856	5.47141
0.2157	1.08791	1.00345	1.47921	2.13473	3.48405	5.3729
0.20332	1.16946	1.03328	1.48397	2.1553	3.58227	5.33482
0.25526	1.31207	1.22206	1.68075	2.18376	3.45004	5.31542
0.26612	1.47959	1.24964	1.71777	2.25514	3.71256	5.44098
0.2875	1.31645	1.16507	1.62872	2.2365	3.72434	5.52884
0.26427	1.34931	1.21847	1.74558	2.34447	3.67805	5.46842
0.23411	1.10603	0.97586	1.52037	2.18255	3.60536	5.49445
0.34988	1.71572	1.46133	1.86256	2.37463	3.75203	5.51898
0.29549	1.55471	1.2881	1.70276	2.28072	3.81917	5.48204
0.25604	1.35428	1.17783	1.64956	2.11249	3.50817	5.36962
0.32512	1.50948	1.38708	1.87919	2.39075	3.63898	5.37192
0.22077	1.16131	1.03855	1.49289	2.07399	3.49256	5.46274
0.32684	1.79435	1.5399	1.9309	2.31276	3.56816	5.4143
0.24516	1.29702	1.16907	1.60334	2.21905	3.60259	5.47773
0.31419	1.32048	1.11876	1.50766	2.13569	3.60769	5.37731
0.29295	1.50894	1.27812	1.71386	2.30602	3.72429	5.61209
0.32373	1.63283	1.35862	1.77832	2.30574	3.62885	5.47518
0.27196	1.25257	1.17019	1.58472	2.19137	3.52545	5.44725
0.35818	1.8772	1.6263	1.96529	2.39203	3.68974	5.50919
0.30972	1.52779	1.3232	1.75028	2.29836	3.70167	5.51269
0.32195	1.51734	1.30163	1.88326	2.34012	3.67923	5.52421
0.23729	1.23373	1.07345	1.50942	2.24929	3.62863	5.52032
0.33714	1.70128	1.49704	1.9216	2.40749	3.74562	5.53041
0.29064	1.43375	1.32181	1.80641	2.42927	3.88298	5.64123
0.27602	1.49829	1.24286	1.69021	2.30828	3.79717	5.6684
0.22664	1.18981	1.04988	1.51582	2.1239	3.51933	5.34871
0.34145	1.72415	1.40884	1.8321	2.37929	3.79449	5.48966
0.30012	1.59075	1.34139	1.76808	2.29295	3.69042	5.53509
0.29125	1.41324	1.20391	1.63047	2.19718	3.60669	5.38116
0.27243	1.32451	1.15987	1.58146	2.22183	3.70092	5.55816
0.31403	1.59619	1.45175	1.88184	2.37476	3.78726	5.45838
0.19601	1.13886	1.04352	1.55958	2.27397	3.81181	5.59284
0.26695	1.40097	1.21178	1.58649	2.23384	3.83433	5.6827
0.2543	1.23082	1.07526	1.47426	2.03351	3.47851	5.47569
0.37659	1.76293	1.39888	1.79682	2.33873	3.78278	5.56789
0.24962	1.34633	1.16947	1.64653	2.2688	3.65155	5.54225
0.25487	1.421	1.21922	1.6581	2.20358	3.60297	5.48285
0.30065	1.56371	1.3067	1.68666	2.202	3.60177	5.39297
0.31982	1.68013	1.39014	1.78425	2.3384	3.67501	5.36093
0.2525	1.25329	1.08593	1.47902	2.17018	3.54023	5.47129
0.36072	1.71412	1.41009	1.83354	2.3975	3.80952	5.62705
0.27356	1.26123	1.08557	1.52603	2.23934	3.71566	5.48538
0.36126	1.80729	1.41232	1.83224	2.3115	3.75747	5.49624
0.27985	1.51206	1.20132	1.68996	2.23905	3.68668	5.55057
0.33974	1.83133	1.49425	1.93343	2.57595	3.91679	5.57181
0.36432	1.69327	1.54675	2.04489	2.44736	3.88241	5.59879
0.29452	1.43161	1.22571	1.66474	2.29961	3.61673	5.52676
0.22615	1.21334	1.10394	1.5723	2.20716	3.6903	5.56688
0.34649	1.83169	1.52116	2.02701	2.46709	4.02117	5.6802
0.24797	1.29777	1.067	1.49871	2.13303	3.59754	5.51305
0.22741	1.03628	0.95859	1.40547	2.11466	3.47882	5.43153
0.30654	1.48346	1.28814	1.71275	2.32806	3.75113	5.57594
0.17588	0.99838	0.89415	1.31034	2.10093	3.60412	5.57305
0.25493	1.28842	1.078	1.53633	2.21153	3.74383	5.50307
0.362	1.6678	1.41364	1.85935	2.35516	3.7636	5.51286
0.36952	1.69852	1.42457	1.82707	2.42121	3.86481	5.68303
0.30873	1.50398	1.35343	1.86288	2.43379	3.91883	5.7082
0.29339	1.44292	1.26135	1.72431	2.29529	3.74655	5.5528
0.31528	1.74077	1.53277	1.98033	2.46046	3.89669	5.5827
0.28794	1.55815	1.33575	1.74934	2.32032	3.79296	5.68776
0.23764	1.21919	1.09452	1.56234	2.31614	3.82103	5.53615
0.37251	1.91243	1.51732	1.96208	2.37858	3.7065	5.56986
0.26618	1.42765	1.24898	1.77403	2.32184	3.76345	5.49621
0.24617	1.33467	1.18465	1.66047	2.23356	3.68637	5.49732
0.23205	1.09394	1.05695	1.53435	2.23402	3.63517	5.50244
0.30631	1.48757	1.18565	1.64038	2.25011	3.73689	5.5809
0.25848	1.31646	1.07852	1.4954	2.12871	3.68727	5.47287
0.31324	1.73372	1.46397	1.84948	2.40109	3.82264	5.60086
0.27328	1.36809	1.23909	1.7178	2.30565	3.84614	5.6554
0.25448	1.36028	1.26895	1.77815	2.38704	3.82812	5.72104
0.246	1.27535	1.13441	1.57124	2.16248	3.55406	5.50276
0.37386	1.76708	1.48326	1.81812	2.37521	3.75405	5.53258
0.36223	1.91473	1.52194	1.95489	2.48168	3.96898	5.61373
0.29886	1.45826	1.28499	1.87228	2.42569	3.85992	5.59049
0.38333	1.9157	1.58926	1.95639	2.43	3.81889	5.60009
0.40654	1.90559	1.61551	2.16061	2.58286	3.84071	5.5995
0.25713	1.30114	1.13029	1.59407	2.19817	3.67896	5.61866
0.26655	1.32137	1.18314	1.57596	2.19213	3.6669	5.61935
0.27006	1.36593	1.22084	1.75647	2.48748	3.98807	5.72042
0.22849	1.22821	1.10922	1.59604	2.3423	3.81862	5.61831
0.26312	1.29905	1.14762	1.58967	2.21267	3.72726	5.56955
0.47039	2.21486	1.80598	2.38984	2.7276	3.96782	5.73353
0.33488	1.84472	1.55225	2.06998	2.57078	3.92935	5.66517
0.36383	1.87576	1.61416	2.03029	2.49951	3.89122	5.66968
0.42498	1.97596	1.71657	2.09786	2.52558	3.9642	5.68972
0.28514	1.53858	1.33182	1.79208	2.48874	4.0742	5.71203
0.24775	1.3628	1.23247	1.6471	2.24114	3.77795	5.64559
0.30237	1.63201	1.36756	1.8018	2.41155	3.93329	5.69236
0.32551	1.66428	1.35691	1.72317	2.28839	3.72037	5.62517
0.33215	1.79843	1.46839	1.86699	2.38577	3.93322	5.60357
0.44198	2.22874	1.83809	2.31837	2.68727	4.04309	5.75182
0.39619	1.96348	1.66955	2.16045	2.51515	3.78552	5.54255
0.46054	2.37824	1.84332	2.37862	2.78856	4.13137	5.79532
0.34989	1.89598	1.49868	1.91512	2.50685	4.02324	5.78684
0.26762	1.3945	1.21129	1.63681	2.2264	3.66187	5.57266
0.30756	1.54524	1.24307	1.69637	2.33924	3.73522	5.57659
0.22413	1.08652	1.06035	1.53796	2.19132	3.72288	5.59668
0.26475	1.48495	1.29811	1.74277	2.46393	3.90093	5.61889
0.24177	1.24611	1.21088	1.69518	2.47068	3.99603	5.79454
0.33722	1.83911	1.52775	1.9978	2.46726	3.91138	5.67425
0.37874	1.95442	1.65695	2.27467	2.80423	4.24474	5.86357
0.38722	1.7994	1.55415	1.98144	2.51025	3.96796	5.70775
0.38128	2.03062	1.71182	2.0697	2.55481	3.97797	5.64046
0.26799	1.50532	1.29344	1.81212	2.45434	3.84101	5.69991
0.29521	1.54122	1.34654	1.842	2.36286	3.87382	5.6844
0.24602	1.33894	1.25418	1.74282	2.37709	3.87918	5.70379
0.29217	1.59835	1.39499	1.84072	2.40084	3.81103	5.58172
0.29577	1.49974	1.29281	1.76475	2.3407	3.90092	5.65508
0.30579	1.54933	1.34806	1.82099	2.4004	3.97949	5.61239
0.27695	1.44118	1.18915	1.67726	2.28245	3.77801	5.55845
0.30482	1.50464	1.23739	1.71362	2.39093	3.99613	5.76403
0.2308	1.0616	1.03664	1.58149	2.39879	4.01069	5.7365
0.27441	1.41736	1.16242	1.57053	2.22126	3.81638	5.7831
0.30104	1.48002	1.31203	1.74222	2.3832	3.91754	5.74846
0.31161	1.50648	1.29259	1.87539	2.52003	4.0381	5.72052
0.1809	0.97807	0.94035	1.42412	2.22203	3.8627	5.7247
0.27965	1.40341	1.19101	1.63292	2.25904	3.74787	5.63054
0.29309	1.62194	1.3505	1.81873	2.35548	3.84988	5.80608
0.35248	1.71619	1.38542	1.84839	2.48964	4.09832	5.97096
0.28335	1.60658	1.34218	1.82266	2.39222	3.9136	5.82335
0.31067	1.58625	1.378	1.77097	2.41528	3.88407	5.65697
0.39481	1.99678	1.67995	2.09999	2.50128	3.84453	5.82361
0.32084	1.52205	1.30976	1.82384	2.39115	4.05372	5.83824
0.27513	1.45494	1.26216	1.68607	2.35035	3.8653	5.6544
0.34409	1.88473	1.50513	1.88509	2.48378	4.02037	5.74233
0.18357	1.00696	0.98864	1.45921	2.29101	3.86592	5.60287
0.30118	1.58241	1.31392	1.75489	2.43443	3.8728	5.62458
0.31328	1.58374	1.39802	1.84912	2.47222	3.83334	5.73911
0.26504	1.38091	1.2364	1.67426	2.40207	3.99205	5.66606
0.36545	1.6998	1.40241	1.81703	2.39316	3.96787	5.75453
0.25703	1.46927	1.29524	1.78929	2.39954	3.92953	5.88555
0.29676	1.43844	1.22769	1.70282	2.31336	3.93375	5.69009
0.30966	1.50775	1.21576	1.61002	2.3354	3.98754	5.71863
0.45531	2.12143	1.82889	2.31006	2.75338	4.31124	6.03356
0.41742	2.17469	1.74645	2.09042	2.60015	4.05397	5.76564
0.25254	1.33165	1.13535	1.60329	2.26166	3.81073	5.6465
0.31935	1.68233	1.41994	1.87945	2.44773	4.00673	5.71659
0.24264	1.19979	1.12411	1.61605	2.32613	4.03312	5.83246
0.34853	1.75559	1.55592	1.93247	2.45695	3.88078	5.73662
0.34532	1.76555	1.49737	1.94325	2.43935	3.7932	5.57467
0.34301	1.76752	1.55361	1.95182	2.55206	4.06311	5.91102
0.31962	1.64204	1.41223	1.96012	2.44451	3.93221	5.70323
0.31549	1.63297	1.3114	1.72799	2.38977	3.96476	5.80296
0.38697	1.87397	1.60463	2.01838	2.51902	3.97676	5.72815
0.36782	1.88661	1.48893	1.87052	2.45142	3.89764	5.71948
0.34894	1.71603	1.463	1.86139	2.37224	3.81215	5.63835
0.26743	1.37724	1.12686	1.53091	2.3382	3.98115	5.6665
0.23161	1.21195	1.14064	1.58605	2.21175	3.73817	5.65151
0.31344	1.78647	1.54691	1.99517	2.43055	3.94726	5.87364
0.22755	1.31252	1.20376	1.65722	2.37572	3.94532	5.73849
0.30116	1.53325	1.39159	1.90126	2.53028	4.00833	5.82602
0.25622	1.30341	1.14959	1.58231	2.23554	3.77183	5.63337
0.29797	1.6261	1.46797	1.90243	2.44419	4.00797	5.75649
0.28659	1.4572	1.29133	1.77994	2.4242	4.00021	5.79126
0.24399	1.27116	1.15922	1.65929	2.41058	3.89801	5.79417
0.21252	1.11759	1.0126	1.52447	2.34514	4.0411	5.83673
0.3128	1.50161	1.33594	1.78159	2.40648	3.91612	5.76841
0.43309	2.15691	1.78709	2.25755	2.58518	3.9992	5.71357
0.29056	1.52473	1.3594	1.82744	2.4855	3.93286	5.76318
0.26807	1.40688	1.17922	1.69784	2.48684	4.08208	5.8758
0.29379	1.64559	1.39717	1.87386	2.58711	4.12885	5.93352
0.31036	1.57553	1.26828	1.69712	2.24955	3.77143	5.80193
0.38564	1.97697	1.6208	1.98711	2.50389	4.22599	5.90456
0.45919	2.26979	1.84488	2.27899	2.68695	4.11208	5.75683
0.30398	1.4998	1.2999	1.7925	2.48665	4.02228	5.83067
0.24646	1.37134	1.21855	1.6333	2.29791	3.8435	5.82859
0.27734	1.25273	1.19448	1.72334	2.43163	3.98594	5.86085
0.34177	1.7436	1.47182	1.88198	2.46139	4.02012	5.76696
0.30732	1.41632	1.22932	1.69066	2.3909	4.06521	5.77927
0.21918	1.16234	1.01385	1.45024	2.23183	3.79313	5.62606
0.42111	2.04365	1.74384	2.20821	2.67924	4.16554	5.88025
0.29574	1.52272	1.33492	1.82179	2.40842	3.93315	5.8753
0.3673	1.99851	1.65879	2.11305	2.54134	3.9626	5.77571
0.42462	2.15959	1.74041	2.21552	2.61677	4.00949	5.79217
0.36663	1.87394	1.59466	2.04975	2.52998	4.04377	5.80548
0.39178	1.81091	1.53456	1.98721	2.49284	3.94744	5.92325
0.39831	1.83549	1.45621	1.8752	2.4883	3.96021	5.80572
0.20552	1.14626	1.06983	1.48321	2.26635	3.94673	5.86046
0.31385	1.57016	1.36533	1.78813	2.43387	4.06739	5.74981
0.34648	1.61709	1.37621	1.82818	2.47746	4.18571	6.02752
0.32217	1.42931	1.2441	1.73678	2.40007	3.97556	5.89505
0.39156	1.87387	1.64832	2.00898	2.54733	4.07429	5.87283
0.29614	1.55988	1.26971	1.65346	2.31458	3.91299	5.83109
0.33048	1.69427	1.48539	1.85657	2.39049	3.89284	5.82089
0.26195	1.20457	1.03266	1.51116	2.36969	3.85407	5.65542
0.22741	1.15719	1.08205	1.54167	2.3109	3.83428	5.74905
0.28703	1.54093	1.36029	1.84223	2.45989	4.0716	5.97133
0.2904	1.44813	1.23521	1.63884	2.3425	3.92546	5.83923
0.34978	1.54978	1.40737	1.79512	2.50024	4.15025	5.80246
0.33765	1.62906	1.40637	1.81335	2.46749	3.9107	5.74253
0.56234	2.82262	2.2948	2.79671	3.07237	4.52317	5.92969
0.50577	2.44919	2.08656	2.48603	2.85677	4.2193	5.87937
0.36492	1.93969	1.65247	2.03371	2.45298	3.99077	5.88411
0.43424	2.20723	1.86713	2.26693	2.78861	4.25612	6.00841
0.30456	1.68559	1.47294	1.87405	2.52391	4.13142	5.90498
0.24465	1.29152	1.22348	1.72376	2.42604	4.00199	5.74757
0.24797	1.26316	1.1027	1.58318	2.29894	3.93378	5.76899
0.37457	1.9546	1.71764	2.24135	2.7575	4.26262	5.96952
0.35016	1.98513	1.7252	2.20033	2.70044	4.17651	5.9159
0.34239	1.65647	1.3933	1.94389	2.4829	4.07149	5.84181
0.29191	1.44654	1.28146	1.7864	2.53747	4.1658	5.92291
0.31463	1.64689	1.39715	1.84157	2.56127	4.10588	5.89362
0.44757	2.28995	1.90799	2.47943	2.7917	4.10613	5.76574
0.28178	1.54658	1.37303	1.91287	2.60133	4.18599	5.92307
0.33838	1.82453	1.50177	1.98178	2.51814	3.99471	5.73478
0.29854	1.48442	1.37351	1.94538	2.6083	4.22927	5.95096
0.24888	1.20816	1.06953	1.58002	2.32644	3.98261	5.8621
0.36767	1.90239	1.60004	2.04637	2.59674	3.98007	5.70259
0.35764	1.96142	1.57473	2.0359	2.54707	4.08005	5.78993
0.52883	2.33867	1.88614	2.20871	2.6262	4.0313	5.84294
0.48058	2.00419	1.606	2.08332	2.81532	4.1843	5.88711
0.33694	1.84504	1.482	1.94056	2.57357	4.09226	5.94986
0.29153	1.51228	1.3437	1.88661	2.60833	4.10797	6.08061
0.27832	1.35317	1.27296	1.8419	2.50592	4.09749	5.8587
0.41736	1.91543	1.58943	2.015	2.6528	4.13222	5.90813
0.52175	2.35662	1.9115	2.31672	2.69808	4.04471	5.74348
0.25266	1.16001	1.10176	1.65592	2.44545	4.03199	5.91114
0.26824	1.32282	1.21616	1.63708	2.37733	4.07013	5.9041
0.36514	1.86936	1.64122	2.20681	2.61724	4.14954	5.90847
0.26511	1.27719	1.16951	1.68564	2.52301	4.10966	6.05579
0.35814	1.82831	1.59744	2.19947	2.76367	4.20715	5.9593
0.20347	1.06108	1.01395	1.54551	2.35024	3.99227	5.81737
0.30125	1.50078	1.24247	1.73297	2.42986	4.0673	5.92877
0.23049	1.31209	1.2326	1.81555	2.49646	4.11452	5.90561
0.44705	2.11048	1.6937	2.12143	2.67689	4.39833	6.16776
0.40066	2.01408	1.5725	2.02495	2.64145	4.11353	6.01891
0.31992	1.4942	1.29384	1.82553	2.52794	4.07032	5.81511
0.32767	1.66223	1.3645	1.71989	2.44817	4.15246	5.91836
0.29036	1.4533	1.30246	1.81068	2.4767	4.05231	5.82327
0.30433	1.44749	1.2811	1.81109	2.4734	4.05115	6.049
0.27648	1.69953	1.43727	1.86712	2.59422	4.28863	5.98601
0.24244	1.30745	1.17736	1.68459	2.3856	4.00715	6.01487
0.33167	1.75597	1.47294	1.79475	2.47884	3.98363	5.87691
0.22771	1.13934	1.10294	1.59326	2.31936	4.00697	5.82019
0.29418	1.57574	1.36253	1.82331	2.45455	4.02084	5.80012
0.33584	1.53696	1.44032	1.88127	2.59551	4.18402	5.98134
0.3334	1.64359	1.36116	1.7815	2.55597	4.1936	5.96063
0.38251	2.08534	1.62848	2.11015	2.74478	4.30381	5.86237
0.3911	1.88314	1.53018	1.97864	2.56796	4.20123	5.99243
0.30901	1.52428	1.31597	1.84852	2.52043	4.10604	5.89984
0.41648	2.33672	1.85355	2.16214	2.62534	4.1277	6.04292
0.25652	1.26702	1.12275	1.57117	2.37335	4.06209	5.82228
0.35325	1.70659	1.49143	2.00599	2.67614	4.17574	6.04762
0.25113	1.24048	1.09518	1.5799	2.39232	4.12419	5.85163
0.37394	1.78892	1.53083	1.99193	2.6232	4.24503	5.98828
0.36386	1.90069	1.60102	2.02427	2.53463	4.11497	5.94992
0.28009	1.52054	1.27443	1.69504	2.39938	3.94363	5.8126
0.38167	1.88019	1.62286	2.13481	2.72428	4.20373	5.94972
0.41952	2.13631	1.68443	2.0563	2.60448	4.12336	5.89969
0.35983	1.83625	1.5243	2.05206	2.618	4.29112	5.98473
0.35658	1.6415	1.33902	1.84129	2.5638	4.11161	5.91331
0.38275	1.94032	1.5605	2.14074	2.79375	4.42257	6.15296
0.33165	1.64327	1.3546	1.84181	2.51113	4.21064	5.91854
0.41234	2.20095	1.91518	2.45108	2.91125	4.51689	6.02015
0.55676	2.90711	2.24888	2.65589	2.93557	4.30897	5.92526
0.33761	1.63267	1.36549	1.91102	2.58954	4.21914	6.08747
0.32861	1.61919	1.39656	1.87631	2.51067	4.02918	5.94705
0.32377	1.47987	1.26332	1.76876	2.40671	3.93826	5.84317
0.33005	1.66965	1.42007	1.92427	2.59144	4.16249	5.88803
0.2319	1.26086	1.17595	1.72476	2.52945	4.3796	5.99845
0.25847	1.33451	1.18766	1.73425	2.499	4.2182	6.05038
0.30489	1.53637	1.35814	1.92263	2.53603	4.12886	5.98049
0.32033	1.63632	1.46093	1.92821	2.5495	4.21559	5.97783
0.39002	1.91936	1.6322	2.10689	2.68146	4.19962	5.92948
0.38892	1.98098	1.65297	2.13877	2.68863	4.30259	6.07753
0.40844	1.99017	1.54727	1.95275	2.58035	4.19642	6.05473
0.3166	1.53197	1.31902	1.71315	2.43115	4.12163	5.97746
0.22651	1.32959	1.14657	1.72248	2.46161	4.08739	5.97282
0.36298	1.7289	1.40525	1.87205	2.51239	4.17382	6.08487
0.54067	2.54116	2.08252	2.42725	2.9565	4.38707	6.08966
0.29352	1.55172	1.3087	1.75991	2.49046	4.18887	5.97992
0.31944	1.43865	1.21125	1.76	2.55152	4.22336	6.0712
0.35059	1.6777	1.36567	1.79325	2.48545	4.18729	6.01758
0.36786	1.90536	1.56983	2.02033	2.5657	4.21205	6.0004
0.27442	1.35804	1.18613	1.66851	2.45972	4.14409	5.95873
0.23836	1.28886	1.1521	1.65004	2.40593	4.06683	6.029
0.37676	1.79562	1.52931	1.98822	2.69992	4.33744	5.99213
0.28301	1.54402	1.30362	1.74269	2.40793	3.99277	5.84539
0.2272	1.32942	1.22573	1.77328	2.57073	4.28336	6.10166
0.35159	1.56824	1.35317	1.88171	2.71106	4.48721	6.24165
0.34145	1.81923	1.47643	1.94848	2.62079	4.14652	6.02501
0.19907	1.11133	1.00824	1.50465	2.31719	3.96621	5.95787
0.31796	1.72311	1.40447	1.8316	2.53483	4.32873	6.16237
0.25611	1.3858	1.22124	1.70815	2.50058	4.17114	6.1024
0.34454	1.74589	1.50932	2.07216	2.6589	4.18291	6.08812
0.27408	1.45869	1.23712	1.63665	2.41981	4.18951	5.94244
0.27344	1.39718	1.29331	1.87144	2.5746	4.24122	5.98578
0.27493	1.59986	1.36457	1.8674	2.59553	4.27368	5.98086
0.39385	1.83293	1.59672	2.08153	2.68906	4.2824	5.97114
0.2677	1.40233	1.24058	1.70215	2.53438	4.25133	6.05725
0.27645	1.61595	1.44539	1.82057	2.5214	4.26558	6.11426
0.32868	1.86286	1.56368	1.9704	2.49402	4.16208	6.01458
0.30586	1.68665	1.5464	2.10483	2.77651	4.41779	6.01379
0.4323	2.19957	1.82958	2.32808	2.86682	4.47033	6.06863
0.35309	1.62312	1.4302	1.91	2.61494	4.33753	5.99057
0.4231	1.96923	1.62979	2.15395	2.84825	4.41156	6.1014
0.40444	1.88362	1.56727	2.11573	2.67276	4.25799	5.95852
0.24923	1.32091	1.22146	1.79021	2.49925	4.08336	5.93201
0.40953	1.85284	1.49668	2.01838	2.76367	4.49588	6.17506
0.29243	1.48122	1.34338	1.87915	2.63213	4.3207	6.11672
0.32012	1.67587	1.44714	1.86056	2.50841	4.15823	5.97757
0.30372	1.4785	1.31599	1.80677	2.61134	4.38457	6.06885
0.28049	1.4177	1.24929	1.72563	2.46666	4.15235	6.01096
0.2976	1.53263	1.33202	1.88448	2.61723	4.30943	6.08938
0.33657	1.71134	1.51921	1.96092	2.55622	4.25317	6.06404
0.19208	1.09671	1.1034	1.61973	2.37031	4.08802	5.94206
0.34287	1.69517	1.46403	1.94484	2.60573	4.15682	6.02176
0.28073	1.45691	1.22001	1.63709	2.45044	4.1159	6.09793
0.24572	1.277	1.15348	1.66909	2.47789	4.068	5.96012
0.22285	1.21841	1.0558	1.58088	2.43908	4.29683	5.96177
0.40994	2.28728	1.87433	2.36721	2.84433	4.44132	6.07567
0.38666	1.90629	1.53596	1.9612	2.64023	4.32187	6.05198
0.28105	1.41927	1.34762	1.87386	2.67004	4.38823	6.16198
0.35285	1.79916	1.51996	2.09084	2.84207	4.42641	6.12378
0.30835	1.64187	1.4658	2.01799	2.76985	4.44711	6.24342
0.40245	1.83123	1.60529	2.16034	2.80438	4.53126	6.17001
0.32079	1.50088	1.23937	1.6527	2.38379	4.03199	5.92367
0.28349	1.38405	1.28753	1.69533	2.47784	4.21768	6.18069
0.21726	1.12058	1.10946	1.68407	2.47004	4.18147	6.06147
0.28651	1.50093	1.31132	1.81491	2.54322	4.26448	6.11715
0.35131	1.97522	1.58588	2.0069	2.67853	4.39161	6.14787
0.38009	2.01079	1.62974	2.20881	2.6167	4.29354	5.99627
0.39425	1.77333	1.51739	2.04813	2.58756	4.2721	6.07646
0.35502	1.64206	1.39205	1.8553	2.61934	4.38054	6.09818
0.26958	1.3027	1.28947	1.79432	2.64288	4.32669	5.99783
0.34208	1.78259	1.51959	2.07509	2.72496	4.38008	6.04586
0.33598	1.60837	1.47029	1.94776	2.567	4.23695	6.08932
0.33695	1.72192	1.52514	2.0665	2.76113	4.4772	6.15469
0.37751	1.72243	1.50014	1.98815	2.57561	4.21721	6.11465
0.31669	1.7154	1.50068	2.0057	2.63484	4.32187	6.16665
0.33989	1.69001	1.46581	1.99042	2.66551	4.36222	6.02293
0.25964	1.3672	1.25065	1.78671	2.57809	4.29333	6.14461
0.37279	1.83713	1.55048	1.9918	2.78221	4.46128	6.12205
0.32729	1.57381	1.35425	1.80896	2.62231	4.37656	6.21726
0.37832	1.96113	1.55621	2.06941	2.64423	4.24057	6.0435
0.43254	2.26287	1.82687	2.30381	2.8618	4.3191	6.13351
0.30529	1.56932	1.3004	1.74589	2.55303	4.43379	6.08972
0.39722	1.97726	1.68221	2.01799	2.55409	4.15936	5.99863
0.26323	1.36278	1.23364	1.75593	2.47854	4.23928	6.15297
0.28306	1.37017	1.22113	1.66093	2.42761	4.06769	6.07007
0.3979	1.95734	1.65274	2.19614	2.84394	4.52485	6.091
0.22603	1.30545	1.16998	1.79059	2.56587	4.40737	6.09066
0.32277	1.55604	1.36337	1.85319	2.57723	4.23008	6.05322
0.31672	1.59603	1.34221	1.87761	2.57394	4.3208	6.27476
0.35704	1.68265	1.48016	2.00384	2.72814	4.40099	6.11611
0.33642	1.66376	1.48786	2.00823	2.80936	4.45445	6.04921
0.29094	1.36697	1.14642	1.65216	2.47466	4.32228	6.09881
0.24223	1.2152	1.1113	1.65516	2.49041	4.37169	6.24929
0.27333	1.44066	1.39504	1.88478	2.61657	4.18643	5.94986
0.32492	1.77985	1.56558	2.10149	2.80268	4.4861	6.03181
0.42375	2.1486	1.76248	2.2891	2.88581	4.47667	6.23285
0.37073	1.82578	1.60014	2.10595	2.81653	4.4265	6.27269
0.32657	1.6668	1.44581	1.88328	2.5918	4.25056	6.05364
0.3246	1.7568	1.44247	1.93867	2.64392	4.28399	6.12147
0.28366	1.31656	1.18519	1.73119	2.55768	4.14384	5.99237
0.27701	1.53184	1.39767	2.0038	2.75243	4.41253	6.20374
0.33952	1.62565	1.49482	2.02932	2.75328	4.65904	6.23163
0.31936	1.58402	1.38104	1.94413	2.69532	4.30835	6.08172
0.26528	1.26544	1.18711	1.73021	2.55974	4.31127	6.08321
0.16478	0.94195	0.89276	1.41704	2.43499	4.27458	6.1825
0.28415	1.521	1.2669	1.81571	2.63873	4.34238	6.11538
0.4172	2.11893	1.88206	2.49842	2.97639	4.67665	6.22233
0.34656	1.85363	1.50788	2.02589	2.7802	4.56888	6.21312
0.35493	1.76744	1.53933	2.06431	2.77825	4.55397	6.28738
0.36115	1.81545	1.4909	1.98283	2.75871	4.48619	6.15885
0.32664	1.6824	1.42941	1.87539	2.54294	4.21135	6.0685
0.35876	1.96706	1.64242	2.07237	2.74662	4.38206	6.17431
0.35549	1.77943	1.57986	2.1137	2.78158	4.42482	6.2151
0.27899	1.30848	1.22576	1.76319	2.63467	4.39507	6.20596
0.35382	1.93256	1.68311	2.19296	2.85125	4.54872	6.126
0.32137	1.52733	1.33143	1.84622	2.64156	4.40867	6.19131
0.2422	1.37939	1.29339	1.84719	2.68296	4.53412	6.11544
0.26334	1.23667	1.21515	1.81239	2.77807	4.64096	6.3081
0.30393	1.54931	1.363	1.83107	2.72988	4.55289	6.13045
0.31953	1.63464	1.3979	1.88596	2.66662	4.47765	6.35009
0.28987	1.49297	1.3267	1.91592	2.60773	4.28936	6.19112
0.25275	1.3954	1.30416	1.76865	2.61013	4.37096	6.17198
0.28116	1.4868	1.31661	1.82416	2.49445	4.25193	6.12604
0.26942	1.3129	1.12439	1.64505	2.49004	4.19644	6.09921
0.41753	2.19903	1.89084	2.34215	2.87819	4.50046	6.21182
0.3842	1.80438	1.56897	2.15516	2.88625	4.55026	6.11794
0.30713	1.48199	1.31651	1.87247	2.69941	4.44264	6.14048
0.35143	1.70052	1.49501	2.02517	2.73876	4.51119	6.11306
0.25655	1.40245	1.38448	1.91382	2.65674	4.44963	6.208
0.45097	2.30556	1.9539	2.39238	2.91822	4.59484	6.20265
0.28828	1.4864	1.37014	1.86414	2.69682	4.49382	6.2557
0.45503	2.33656	1.89247	2.21832	2.98325	4.66036	6.34014
0.38272	2.04599	1.6735	2.17904	2.79451	4.50539	6.2684
0.49826	2.57184	2.08709	2.52868	2.94873	4.4841	6.24158
0.30684	1.64847	1.43032	1.88196	2.68422	4.40593	6.14607
0.25881	1.39808	1.23888	1.70762	2.50831	4.36769	6.1813
0.28513	1.40679	1.22446	1.74896	2.60108	4.30329	6.14159
0.33289	1.50124	1.4237	1.97659	2.89306	4.59909	6.2861
0.29385	1.33124	1.28307	1.75971	2.5731	4.38771	6.29354
0.38629	1.70748	1.5652	2.14165	2.87669	4.62634	6.17758
0.32997	1.73581	1.46599	1.96415	2.70377	4.45861	6.1809
0.2893	1.50478	1.28741	1.8519	2.75789	4.51525	6.32774
0.26313	1.56538	1.40309	1.94435	2.79241	4.50136	6.21036
0.31612	1.70956	1.41385	1.9169	2.6308	4.23837	6.13943
0.35404	1.94652	1.64542	2.12736	2.84824	4.42702	6.1848
0.25316	1.37898	1.21593	1.7535	2.6316	4.47244	6.14995
0.30133	1.39496	1.2105	1.73266	2.61505	4.43403	6.33075
0.44072	2.06053	1.79721	2.28876	2.88197	4.61032	6.24834
0.3244	1.56399	1.41596	1.96475	2.80739	4.47749	6.27344
0.41964	1.97131	1.62728	2.20467	2.91167	4.58605	6.35211
0.2888	1.57974	1.37308	1.90768	2.67008	4.427	6.21239
0.47171	2.37164	1.85008	2.3144	2.8513	4.431	6.06129
0.21287	1.13807	1.04939	1.59712	2.587	4.55188	6.29983
0.392	1.97865	1.64542	2.10501	2.86397	4.51865	6.19789
0.36305	1.78177	1.51826	1.98819	2.72403	4.38631	6.1257
0.31767	1.49595	1.30718	1.80369	2.58816	4.43995	6.1486
0.28581	1.55829	1.40494	1.93632	2.77751	4.53386	6.30673
0.30289	1.42597	1.22512	1.61571	2.4953	4.31825	6.24905
0.34167	1.80097	1.51394	1.9687	2.7943	4.55649	6.30927
0.38902	1.73756	1.54163	2.11257	2.84179	4.58719	6.39663
0.3802	1.8848	1.71106	2.28388	2.92872	4.46893	6.18033
0.31282	1.59717	1.32119	1.8516	2.5763	4.33731	5.99162
0.36477	1.95325	1.61474	2.1775	2.79746	4.50163	6.31865
0.38661	1.92021	1.67014	2.19923	2.82933	4.48461	6.23487
0.32242	1.70207	1.49696	2.1277	2.87462	4.53673	6.32438
0.34647	1.71913	1.48291	2.02059	2.78703	4.48578	6.22965
0.29993	1.60088	1.39734	1.87176	2.69388	4.47018	6.1526
0.27362	1.39168	1.28329	1.88214	2.78371	4.55877	6.24196
0.34207	1.60382	1.38269	1.91026	2.84535	4.61366	6.31402
0.21854	1.12255	1.07413	1.61452	2.5371	4.38034	6.21531
0.33542	1.6271	1.3574	1.83009	2.59809	4.37858	6.16062
0.31772	1.64181	1.45695	1.91846	2.64789	4.45822	6.22499
