fc.0.weight	fc.1.weight	fc.3.weight	fc.6.weight	fc.8.weight	fc.10.weight	fc.12.weight	fc.14.weight
6.44394	0.00627	3.59712	2.11026	1.26234	0.68197	0.58406	0.13046
8.16846	0.00564	3.12408	1.832	1.12966	0.62646	0.57122	0.08698
4.99952	0.00471	2.61368	1.6087	1.08923	0.58514	0.61919	0.09301
7.24185	0.00619	3.52995	2.29637	1.60004	0.87827	0.90046	0.17083
7.90495	0.00774	4.31541	3.11182	2.15878	1.27638	1.42306	0.24806
9.44327	0.00883	4.97205	3.62474	2.751	1.69059	1.68343	0.28721
9.46708	0.01024	5.24792	3.8613	2.77667	1.75342	1.69966	0.29507
7.18471	0.00769	3.60281	2.32164	1.61213	0.88297	0.74035	0.1253
8.27872	0.00829	4.19954	2.96802	2.36738	1.5544	1.45132	0.27127
12.72254	0.00817	4.35898	2.59031	1.69399	1.01646	0.89905	0.16371
8.441	0.01296	5.74146	4.37542	3.45255	2.1691	2.12292	0.35494
10.12992	0.01033	5.17476	3.94116	3.25567	2.24691	2.31051	0.42228
6.62357	0.00888	3.83651	2.72107	1.99742	1.20816	1.16216	0.17256
10.65066	0.01015	4.41932	2.81682	1.92808	1.20202	1.21852	0.22925
6.07985	0.00812	3.8405	3.06091	2.39008	1.46307	1.34109	0.25889
8.38227	0.00824	4.47865	3.42217	2.74031	1.95545	1.8868	0.37852
11.99999	0.01409	5.71553	4.16917	3.36874	2.16332	2.26456	0.48291
15.64219	0.02063	8.15313	5.72257	4.51126	3.16742	2.98342	0.60146
7.95022	0.01035	5.02072	4.02928	3.27714	2.24889	2.32692	0.39647
7.42481	0.00829	4.33327	3.47828	2.75738	1.75845	1.68372	0.33695
8.89602	0.01569	6.30039	5.00739	4.07507	2.83054	2.93817	0.7058
13.22883	0.01963	7.24802	5.19672	4.31343	2.93973	3.08064	0.60053
9.67309	0.01226	5.15428	3.89119	3.08038	2.01885	1.83566	0.30097
8.50084	0.01607	6.55731	5.53675	4.85266	3.1708	3.00544	0.54098
14.49168	0.01542	6.03486	3.62889	2.53343	1.53882	1.41931	0.28128
11.54822	0.01794	7.01055	5.33381	4.42439	2.79387	3.10813	0.62107
12.12623	0.01746	7.38571	5.88971	5.38819	3.75897	4.43689	0.82793
9.64204	0.0123	5.03936	3.59285	3.01773	2.18031	2.21072	0.40233
11.62034	0.01143	5.3708	3.9857	3.14149	1.95511	1.97193	0.3587
14.56004	0.02939	9.19616	6.75343	5.97608	3.97093	4.24106	0.98785
16.91857	0.01525	5.81659	3.67999	2.84728	1.97442	2.17089	0.37675
13.17546	0.01437	5.40801	3.55681	2.78235	1.75827	1.748	0.32661
8.20354	0.01149	4.67456	3.4672	2.78163	1.68937	1.50236	0.26451
13.05484	0.01587	6.70911	5.14595	4.48468	2.93895	3.11638	0.65623
10.4682	0.01421	6.14429	4.98018	4.44748	3.48314	3.73245	0.75498
14.25603	0.01727	6.33874	4.71743	4.13984	2.75857	2.56288	0.51553
14.52678	0.02072	7.20337	4.84649	3.65464	2.20829	2.05233	0.3385
11.2558	0.01934	6.49491	4.66479	3.87695	2.51194	2.67246	0.50854
8.02792	0.01233	5.08311	4.39256	3.89788	2.82502	3.20117	0.56586
11.61073	0.01639	5.77672	4.2172	3.55155	2.45055	2.29657	0.45691
6.46739	0.01077	4.30284	3.59937	3.33252	2.41317	2.54228	0.52966
10.7525	0.0151	5.93553	4.58728	4.11118	3.17286	3.37549	0.59288
9.03218	0.0157	5.83324	4.54134	3.94184	2.87227	2.81211	0.57899
7.61394	0.01328	5.0695	4.08967	3.51933	2.40029	2.61948	0.50589
10.25708	0.0153	6.00129	4.8526	4.32577	2.99667	3.21296	0.63814
11.94743	0.01718	5.64592	3.96035	3.15802	2.11595	2.035	0.36616
10.99775	0.0152	5.96621	4.58194	3.87007	2.53391	2.57146	0.49721
9.53341	0.01914	6.94896	6.13444	5.41397	3.8571	3.87309	0.76249
11.60677	0.01718	6.74032	5.33978	4.67757	3.1178	3.42428	0.66813
11.98078	0.01847	6.47082	4.65256	3.85184	2.48433	2.54926	0.47746
13.8012	0.01603	6.28907	4.53897	3.56262	2.22846	2.1994	0.36505
8.85229	0.01459	5.28414	3.93698	3.50422	2.24073	2.40249	0.5101
12.64459	0.02182	7.43961	5.49147	4.94177	3.3825	3.79189	0.76743
13.26222	0.0193	6.82274	4.74574	3.77976	2.70732	2.95617	0.54432
6.4683	0.01118	4.24527	3.48892	3.06409	2.08837	2.31434	0.48166
11.76023	0.01717	5.49094	3.59116	2.684	1.71156	1.42515	0.20018
7.97494	0.01358	5.13067	4.14077	3.85003	2.80545	2.65111	0.58602
12.73636	0.02519	7.70626	5.76349	5.24889	4.08249	4.15575	0.85236
9.95045	0.01549	5.39909	4.04863	3.39387	2.33272	2.33887	0.45124
7.99872	0.01552	5.08018	3.7739	3.0962	2.23443	2.23351	0.43229
17.54537	0.02293	6.85695	4.6553	3.81015	2.53336	2.522	0.57894
8.82382	0.01999	6.89236	5.45288	4.82518	3.40642	3.83395	0.7265
7.29788	0.01527	5.405	4.48299	4.04929	2.93046	3.27124	0.6972
6.2211	0.01306	4.52892	3.61241	3.32214	2.39378	2.49878	0.61238
14.14462	0.01984	6.91157	4.75095	3.85261	2.74616	3.08969	0.57112
11.3693	0.01696	6.45368	5.14438	5.01452	3.64665	3.59349	0.77831
13.45924	0.02014	6.18243	4.25123	3.58702	2.35772	2.2519	0.39987
10.08782	0.01566	5.4565	4.2783	4.10273	3.08939	3.44906	0.73231
7.07508	0.01589	5.06076	3.87101	3.60786	2.51546	2.54425	0.58151
7.58184	0.01513	5.11132	4.06575	3.61073	2.5945	2.51735	0.51587
14.1302	0.01959	6.94577	5.06964	4.47124	3.0869	3.32806	0.67892
12.07632	0.02026	6.92979	5.49562	5.05233	3.92105	4.74836	1.04534
16.37551	0.02177	7.25056	5.4958	5.16599	4.05058	4.65339	0.97581
7.88255	0.02015	6.86552	6.27012	6.41298	4.66237	5.16321	1.2912
9.21383	0.02162	7.44466	6.27856	6.25191	4.52719	4.90761	1.12225
10.61598	0.01798	6.05147	4.60253	3.9714	2.77807	2.71932	0.50128
8.28344	0.01493	5.03653	4.0591	3.70604	2.75332	3.12204	0.66984
7.63652	0.01668	5.69274	4.72996	4.51789	3.21152	3.25467	0.6917
6.88871	0.01613	5.61467	4.8362	4.59848	3.34901	4.07548	0.8876
14.30045	0.02229	6.76106	4.82298	4.22086	3.12405	3.39556	0.69427
8.79511	0.01493	4.56876	3.39427	2.91093	2.07425	2.23315	0.42312
26.37883	0.02895	7.31467	4.03673	3.13628	2.09692	2.23991	0.43088
13.19512	0.0195	6.65862	5.03645	4.66281	3.2916	3.67851	0.7538
16.06612	0.02205	6.25137	4.45725	3.68409	2.49476	2.54575	0.46827
8.59362	0.01635	5.56143	4.53596	4.07348	2.89591	3.0251	0.64535
10.71247	0.01794	6.00506	4.52729	4.04985	2.92064	3.07974	0.73898
9.22757	0.0177	6.07862	5.10809	4.89115	3.64953	3.7572	0.73385
8.57319	0.02103	6.82937	5.94833	5.55074	4.24496	4.67393	0.94486
6.83892	0.01439	4.81739	3.90339	3.41479	2.41786	2.29099	0.44466
13.55795	0.02471	6.75685	4.96116	4.47615	3.38123	3.34276	0.70713
6.51271	0.0132	4.39697	3.54428	3.2051	2.36109	2.22974	0.43163
8.35409	0.01577	5.48771	4.28788	4.10481	3.16976	2.92007	0.64636
5.9831	0.01371	4.63305	4.09706	3.67329	2.53613	2.67163	0.49461
25.30796	0.03005	8.08948	4.17167	2.99003	1.93095	1.67159	0.30106
7.7675	0.0158	5.31291	4.53585	4.49586	3.07399	2.92509	0.61189
7.46531	0.01592	5.11945	4.26483	3.86119	2.90105	3.00338	0.66093
9.32927	0.01701	5.28111	4.33438	3.81277	2.66493	2.72246	0.54281
7.79532	0.01357	4.35857	3.16141	2.7013	1.96785	2.14992	0.44867
7.63464	0.01194	4.7342	3.87848	3.6501	2.94048	3.24184	0.74421
16.03481	0.02215	6.7115	4.47788	3.81526	3.02968	3.54434	0.78996
8.42527	0.01492	5.15246	3.8714	3.32925	2.26782	2.31082	0.43475
9.02486	0.01937	6.74949	5.74809	5.39715	3.89041	4.00151	0.77781
12.49264	0.02258	6.54785	4.8654	4.3963	2.99862	3.482	0.76514
9.23678	0.01836	5.67553	4.36116	3.67922	2.55807	2.64001	0.4665
5.117	0.01421	4.44408	3.71617	3.5361	2.60946	2.95286	0.64523
7.18128	0.01822	5.85647	5.05428	4.85019	3.6344	3.92376	0.83691
6.72171	0.01711	5.35946	4.34493	4.04928	2.82199	2.74219	0.46024
8.25084	0.01836	5.43505	4.19173	3.72554	2.79476	2.89249	0.57443
7.818	0.01361	4.72742	3.83646	3.54963	2.51585	2.62783	0.47241
30.11891	0.04497	10.05396	5.76933	4.72917	3.5172	3.96149	0.79843
14.65522	0.02252	6.60928	4.78104	4.08152	3.02997	3.28734	0.66425
16.79812	0.02572	7.32991	5.15149	4.48176	3.43383	3.51923	0.72319
11.81263	0.02681	7.60679	5.84202	5.32091	3.63926	4.2852	0.86725
7.13135	0.01654	5.41834	4.91517	4.74289	3.50908	3.88676	0.9109
9.89929	0.0221	6.67552	5.75787	5.73531	4.03934	4.7199	1.16717
8.3659	0.01664	5.53083	4.49601	4.29645	3.06395	3.4372	0.72535
9.53305	0.02107	6.46166	5.15876	4.84936	3.38255	3.82464	0.70636
9.95669	0.01997	5.82381	4.54191	4.19552	3.23239	3.14647	0.64126
15.3166	0.02225	6.07226	3.94325	3.22684	2.36096	2.83572	0.71085
6.31406	0.0141	4.66264	3.85234	3.40867	2.45364	2.60065	0.51578
9.61357	0.01743	6.26858	5.65326	5.8596	4.79283	5.3748	1.17402
24.57248	0.03597	8.66327	4.90246	3.98593	2.99309	3.48315	0.73274
5.71487	0.01391	4.61196	4.04078	3.90181	2.78431	2.87325	0.54704
6.066	0.01607	4.94045	4.20719	3.83497	2.7428	2.90325	0.59408
7.24768	0.01634	5.02726	4.22012	4.34121	3.40942	4.36045	0.87432
10.72388	0.01587	4.62381	3.38128	2.99627	2.06662	2.04883	0.40435
10.66422	0.01694	5.95729	4.98781	5.01566	4.01503	4.5993	1.09518
17.69554	0.02469	6.45856	4.1749	3.68024	2.5181	2.84374	0.5995
7.46795	0.01551	5.01317	3.95608	3.65284	2.67624	2.96131	0.65711
21.37623	0.02948	7.81696	5.35547	4.93742	4.03726	4.54579	1.02424
13.46923	0.02161	5.95237	3.94899	3.20159	2.3699	2.40304	0.54684
8.08124	0.01922	6.138	5.57038	5.20979	4.04667	4.39044	0.88728
8.54593	0.01972	5.48887	4.27282	3.86491	2.54382	3.04365	0.57349
7.25196	0.0175	5.61823	4.75686	4.5975	3.54358	3.73702	0.83896
6.13668	0.01594	5.20355	4.67959	4.54477	3.52278	3.75135	0.85027
5.62298	0.01296	4.10899	3.35673	2.86793	1.90468	1.67923	0.23266
5.87005	0.01598	4.66197	3.83622	3.3827	2.35	2.41603	0.4031
8.8305	0.02052	6.2487	5.11419	4.7023	3.63894	4.00069	0.79432
7.53209	0.01866	5.35997	4.47415	4.21901	3.34991	3.74299	0.91323
6.71284	0.01537	4.67889	3.83616	3.68306	2.65522	2.98176	0.72264
7.11461	0.01473	4.56266	3.70496	3.38834	2.5399	2.71941	0.49391
18.31033	0.03032	7.49109	5.35453	4.59515	3.13394	3.40072	0.73332
7.96212	0.01767	5.78435	4.89767	4.89851	3.82198	4.3699	1.00165
7.32175	0.01715	5.07864	4.08744	3.7195	2.70528	3.22466	0.65548
6.16546	0.01607	4.93395	3.93367	3.47346	2.55797	2.79481	0.532
6.59449	0.01742	5.15046	4.46387	4.20829	3.0774	3.18775	0.7388
14.47926	0.02583	6.17942	4.30414	3.68247	2.52835	2.36611	0.47244
8.40885	0.01553	5.14234	4.05282	3.5661	2.74825	2.92644	0.64972
8.1883	0.01911	6.15418	5.69448	5.66755	4.45316	5.41005	1.09778
5.502	0.01481	4.4028	3.83637	3.83683	2.89984	3.29249	0.78098
7.50829	0.01877	5.34203	4.47757	4.18005	3.10941	3.3972	0.6423
5.95327	0.01574	4.82853	4.17071	4.02741	3.18927	3.64022	0.90647
4.7078	0.01132	3.61056	3.03986	2.66389	1.83842	1.89262	0.35361
5.01162	0.01331	4.09266	3.3549	3.03965	2.21968	2.54246	0.49836
6.62792	0.0118	3.8018	2.91744	2.49318	1.87699	2.10554	0.51124
10.5074	0.0207	4.94827	3.54547	3.00263	1.99518	2.10467	0.40051
9.15246	0.02054	5.24698	3.65427	3.05821	2.16231	2.13651	0.3657
19.9061	0.03384	7.38836	4.44946	3.5961	2.82995	2.76193	0.55836
11.24036	0.02096	5.54327	3.81833	3.36515	2.39369	2.34701	0.48254
12.2876	0.02476	6.99565	5.39529	5.10301	4.06932	4.83338	1.1329
8.69942	0.01928	5.65196	4.37344	3.96205	3.12066	3.64202	0.85335
6.39653	0.0141	4.58079	3.98465	3.71086	2.66166	2.75452	0.58012
6.59428	0.01665	4.36444	3.38699	3.22521	2.29041	2.52544	0.59597
9.50721	0.01889	5.52456	4.07246	3.7613	2.99994	3.25574	0.69491
10.03918	0.01817	5.02899	3.90777	3.66209	2.83393	3.42499	0.74209
5.25818	0.01245	4.11137	3.54189	3.49582	2.77387	3.19953	0.72126
5.92153	0.01482	4.72071	4.14296	4.02253	3.0174	3.43567	0.81034
5.01387	0.01372	4.01221	3.42713	3.15837	2.46663	2.61228	0.51767
6.17306	0.0166	5.02114	4.35591	4.06185	2.94618	3.0818	0.63932
18.56516	0.03264	7.41416	5.14761	4.63732	3.27537	3.00137	0.6739
5.57212	0.01306	4.11139	3.4238	2.96557	2.09212	2.03466	0.39954
7.75368	0.01724	4.96973	4.11047	3.84719	2.99778	3.48596	0.76288
6.9023	0.02115	6.0201	5.15553	4.8674	3.93813	4.80686	0.96883
5.6093	0.01352	4.21556	3.49941	3.40782	2.74302	3.24176	0.8223
6.90693	0.02052	5.76999	4.85605	4.68275	3.72537	4.4214	0.97959
6.08508	0.01693	5.06372	4.14715	3.88763	2.95417	3.14094	0.626
6.56755	0.01458	4.65327	3.92354	3.75161	3.23544	3.66647	0.86234
6.10138	0.01479	4.72498	4.09605	3.83143	2.69208	2.9207	0.62769
10.66265	0.02027	5.31482	3.75843	3.58439	2.77539	2.93228	0.69589
28.22666	0.04803	9.46041	5.86031	4.98634	3.2556	2.95372	0.59587
5.9083	0.01511	4.46606	3.75759	3.41208	2.61309	2.68126	0.56805
7.14356	0.02043	5.49195	4.4431	4.19498	3.09902	3.23573	0.80975
6.79746	0.01511	4.43589	3.65253	3.3806	2.53062	2.85601	0.67365
9.67168	0.01662	4.97508	3.60621	3.0622	2.10735	2.04213	0.39608
5.22296	0.01384	4.17039	3.59836	3.57688	2.93812	3.42453	0.72045
4.42318	0.01314	3.94675	3.52113	3.40331	2.45631	2.62703	0.59307
5.68953	0.01691	4.89687	4.24176	4.25219	3.16043	3.38779	0.7276
11.20709	0.02063	5.76558	4.36043	3.87604	2.86211	3.02	0.68654
6.05446	0.0152	4.62619	3.93473	3.70944	2.63643	2.89654	0.5665
6.60352	0.01965	5.47672	5.10655	5.21852	4.38338	4.88814	1.25152
6.40477	0.01647	4.85683	4.31384	4.49825	3.72936	4.73284	1.22293
8.94128	0.02027	5.77187	4.49373	3.9155	2.81897	3.04145	0.61989
5.47853	0.01496	4.53161	3.98119	3.82688	3.02639	3.49105	0.69515
7.787	0.02071	6.07792	5.38714	5.74564	4.88514	5.6603	1.19644
15.85255	0.03356	8.60937	6.66079	6.65347	5.18753	6.21967	1.55137
6.76016	0.01775	5.36524	4.823	4.89335	4.06691	4.6533	1.15196
5.82228	0.01567	4.35636	3.84077	3.88988	2.96437	3.6035	0.74719
5.42175	0.01666	4.68402	4.19956	4.13873	3.18722	3.65828	0.73391
4.67845	0.01074	3.40697	2.77626	2.52236	1.75366	1.8029	0.37485
14.99924	0.02365	5.58761	3.45022	2.65548	1.97053	2.17228	0.44781
4.8868	0.01227	3.76062	3.30551	3.22097	2.56116	2.9861	0.77026
5.08275	0.01587	4.35005	3.62706	3.56071	2.84332	3.36733	0.83797
4.93596	0.0114	3.53602	2.84218	2.619	2.02994	2.27752	0.51921
4.93313	0.01115	3.67933	3.2337	3.04501	2.25926	2.45822	0.62381
4.59363	0.01352	4.04765	3.66619	3.76323	2.98349	3.71859	0.94131
4.02991	0.01348	3.60439	3.05005	2.91476	2.3208	2.65816	0.59958
5.26709	0.01227	3.81706	3.26717	3.16953	2.34589	2.50195	0.59062
4.31182	0.01094	3.47447	3.09023	2.94103	2.24865	2.51998	0.48112
4.64844	0.01224	3.75708	3.23051	3.01237	2.2797	2.42217	0.5219
5.39337	0.01338	3.95378	3.31691	3.10635	2.35845	2.75671	0.56339
24.05054	0.04245	8.75361	5.13218	4.58629	3.55059	3.53616	0.89844
6.09445	0.01674	4.68807	4.1481	4.28334	3.49711	3.9392	0.98324
7.69017	0.02233	5.78291	5.10856	5.42518	4.3461	4.48629	0.98265
6.87818	0.01859	5.18081	4.32566	4.1246	3.38045	3.5181	0.82695
7.17519	0.01817	5.93501	5.66164	5.64977	4.33245	5.23282	1.1521
7.16436	0.01941	5.86214	5.37145	5.13848	4.10321	4.40929	0.97226
7.82759	0.01925	5.57023	4.73678	4.89224	3.91229	4.84989	0.96649
8.14962	0.02426	7.2138	6.37326	6.48382	5.59726	7.23562	1.70485
7.75707	0.01981	6.03867	5.30014	5.20817	3.86846	4.51539	1.15976
11.15466	0.02325	6.18337	4.96426	4.88358	3.63813	3.77964	0.88625
6.52421	0.02027	5.54286	4.85231	4.91695	3.53165	4.07688	0.85345
7.05691	0.01954	5.58362	4.96056	5.08581	3.80882	4.68858	1.0546
4.82978	0.01274	3.72759	3.1319	2.98568	2.27032	2.24671	0.42895
4.83104	0.01318	3.64959	2.97408	2.7942	2.01768	2.10003	0.42687
7.95687	0.01795	4.77335	3.65034	3.50076	2.73934	2.90145	0.66853
9.83432	0.02924	7.24926	5.69506	5.34273	3.89809	3.92856	0.74486
13.09161	0.02459	6.18349	4.25939	3.98478	2.9576	3.45421	0.82013
5.78536	0.01663	4.81676	4.22279	4.07533	3.23269	3.54664	0.83611
4.61932	0.01258	3.79611	3.42285	3.36876	2.72031	2.83231	0.61685
4.88465	0.01525	4.22144	3.58528	3.61264	3.01165	3.32474	0.74427
4.54405	0.01208	3.82231	3.43925	3.60594	2.82756	3.23648	0.76462
5.57377	0.01584	4.55177	3.98796	4.09269	3.20795	3.4987	0.8746
5.19188	0.01369	3.83993	3.28629	3.12334	2.41035	2.61781	0.58092
9.33521	0.0182	4.84998	3.83283	3.74415	2.7611	3.10543	0.67366
5.12009	0.01415	3.84451	3.17522	3.09297	2.35422	2.47893	0.53109
11.1046	0.02147	4.84155	3.58044	3.27178	2.55699	3.10863	0.78897
4.93675	0.01488	4.21189	3.84253	4.03607	3.31639	3.8863	0.92709
8.60882	0.01882	4.96714	3.90635	3.74827	2.88505	2.97955	0.65536
6.75663	0.01685	4.86617	4.01753	3.60936	2.76333	2.59269	0.46538
6.61859	0.01721	4.97865	4.12932	3.93613	3.02287	3.38068	0.76482
7.48425	0.01858	4.84131	3.6803	3.376	2.4312	2.3667	0.51627
5.188	0.01321	3.99269	3.48711	3.17238	2.36783	2.38438	0.51103
15.14995	0.03544	6.99382	4.3835	3.80024	2.61136	2.61517	0.57709
5.09565	0.0132	4.09291	3.5619	3.55668	2.67019	2.82398	0.61525
12.26298	0.02507	5.25587	3.91818	3.59747	2.79275	3.43955	0.82579
5.28027	0.01635	4.4662	3.84954	3.79962	2.94482	3.36489	0.87264
17.46964	0.03583	7.2402	5.22541	4.83668	3.74905	4.5618	1.1947
5.68603	0.01625	4.56953	3.9424	3.69139	2.98094	3.12094	0.80983
5.77258	0.01561	4.66671	4.22027	4.33005	3.50908	4.21428	1.03887
12.8257	0.02799	6.4137	4.91111	4.91762	4.19985	4.49612	1.02171
7.21755	0.01699	4.79504	3.83971	3.63768	2.99085	3.3885	0.87415
11.93438	0.02786	7.39008	6.04645	6.04812	4.82426	5.56414	1.36582
5.95078	0.01707	4.82955	4.47736	4.5142	3.47418	3.76732	0.83166
6.57502	0.02066	5.83674	5.52232	5.19077	4.09307	4.71983	1.08712
6.5419	0.01491	3.93674	2.93957	2.46723	1.88414	2.12257	0.45896
7.08523	0.01517	4.85523	4.39571	4.28741	3.54052	4.30102	0.94827
19.60437	0.03434	6.16799	3.95086	3.28888	2.5634	2.85327	0.60538
6.0944	0.01722	4.45795	3.6288	3.33193	2.5131	2.83257	0.54049
5.58244	0.01672	4.57605	3.95235	3.75878	3.08548	3.43516	0.75263
8.38895	0.02413	6.81066	6.21163	6.15065	5.31462	6.58552	1.60643
9.33948	0.02422	6.86185	6.1245	6.16274	5.77146	6.79962	1.67779
7.93843	0.02132	6.30733	5.86435	5.94373	4.96509	5.99122	1.44225
10.05695	0.02393	5.80271	4.61105	4.01514	2.91435	2.97517	0.5699
16.11448	0.03915	8.75383	7.44939	7.82687	6.08456	6.61411	1.50076
8.06935	0.02259	6.40329	5.79157	5.64462	4.37824	4.94477	1.25201
7.90254	0.02089	5.68473	5.05671	5.31797	4.58466	4.38912	1.05985
7.30115	0.02285	6.16411	5.63837	5.76414	4.69624	5.41533	1.30629
9.3962	0.02392	6.81843	5.97775	5.88275	4.60678	5.39013	1.27486
13.7651	0.02959	7.61863	5.82184	5.31799	3.74339	3.77438	0.87723
5.84512	0.01465	4.17869	3.66684	3.31487	2.61406	2.79696	0.57644
3.8482	0.01269	3.41264	2.98733	2.76905	2.07132	2.01964	0.41468
8.68265	0.0229	5.23432	4.15959	3.85111	3.01105	3.25718	0.73628
19.5362	0.03947	7.47783	5.05368	4.57621	3.49227	3.83428	0.91023
5.27806	0.01474	4.06639	3.45735	3.14916	2.42716	2.73757	0.6936
6.45798	0.01549	4.03239	3.31695	3.2203	2.52467	2.44617	0.58178
14.53501	0.03041	7.17144	5.35535	5.10943	3.87899	4.76525	0.99603
5.58226	0.01359	4.09571	3.58961	3.36548	2.56187	3.00427	0.64107
9.79957	0.02199	5.15793	3.79911	3.1688	2.33993	2.42023	0.47313
4.37583	0.01104	3.14994	2.50768	2.1751	1.60441	1.81769	0.40213
4.87723	0.0146	3.99495	3.68495	3.7302	2.95701	3.37055	0.8018
4.84804	0.01382	3.7569	3.16979	3.02139	2.40594	2.7501	0.58317
10.55017	0.0219	5.54718	4.4094	4.29802	3.43788	4.30938	1.03276
7.67669	0.01841	4.53529	3.40489	3.24986	2.80296	3.22869	0.66349
9.18785	0.02009	4.8015	3.85897	3.87615	3.39563	3.959	0.9723
4.18573	0.01253	3.52137	3.12555	2.92833	2.39607	2.69527	0.58734
4.14354	0.01195	3.33542	2.87593	2.55685	1.94151	1.97695	0.42143
22.12452	0.03824	6.53123	3.96815	3.56055	2.81107	2.89423	0.79645
5.02905	0.01737	4.50829	3.9787	4.00156	3.25816	3.83595	0.85166
7.62054	0.0222	5.91366	5.51018	5.87225	4.55073	5.36415	1.15456
6.34188	0.02129	5.30003	4.83766	4.85135	3.74413	4.06505	0.95463
5.53953	0.0145	4.02436	3.44717	3.30612	2.7072	2.72978	0.60149
6.4234	0.01826	5.09713	4.50313	4.43586	3.46118	3.79116	0.91262
4.94502	0.0143	3.82808	3.44384	3.53009	3.15992	4.18793	1.07048
5.57094	0.01601	4.6212	4.07869	4.19911	3.58886	4.41149	0.9191
6.0366	0.01334	3.64012	2.90565	2.55874	1.76941	1.87867	0.39343
4.66698	0.01362	3.87404	3.45355	3.33235	2.6325	3.10302	0.64532
4.47425	0.01196	3.53392	3.13045	2.91711	2.22959	2.40979	0.55806
8.70861	0.02194	4.7929	3.75503	3.69122	3.0025	3.86575	0.82714
4.82447	0.01428	3.92019	3.45863	3.33551	2.63542	2.91032	0.58808
12.82902	0.02774	5.76988	4.42571	4.53963	3.83481	4.8324	1.13637
16.6577	0.03102	5.96409	3.8968	3.43424	2.74097	3.45395	0.77362
5.53724	0.01538	4.23736	3.73814	3.84245	3.05876	3.28786	0.70029
4.7206	0.01589	4.09916	3.77009	3.64165	3.00656	3.5498	0.75229
6.10889	0.02032	5.28441	4.95524	5.26671	4.77234	5.62064	1.36549
13.28309	0.03228	6.44385	4.19154	3.38015	2.70817	3.02912	0.64208
4.30928	0.01184	3.37348	2.80887	2.466	1.74579	1.89749	0.40114
6.10239	0.01677	4.74366	4.19262	4.27337	3.36313	4.14099	0.93489
10.18399	0.02743	7.57469	7.81576	8.71407	7.82775	9.9145	2.49968
6.76746	0.02014	4.98165	4.24683	3.9448	3.0588	3.37896	0.71396
16.91816	0.03922	6.84603	4.72965	4.28941	3.27135	3.79707	0.78968
5.99768	0.01667	4.62725	4.38909	5.08913	4.42812	4.82708	1.29733
4.84273	0.01525	4.1514	3.71663	3.85161	3.57278	3.97631	0.98818
9.94127	0.0249	5.08481	3.70673	3.12698	2.2648	2.40619	0.49709
4.85172	0.01402	3.79032	3.21663	2.912	2.39718	2.64783	0.63986
17.57755	0.03513	5.95808	3.73271	3.06309	2.16741	2.12239	0.45729
7.38272	0.01934	5.184	4.52718	4.4714	3.6456	4.12562	0.97995
8.2293	0.01798	4.61007	3.74765	3.59438	2.94635	3.63936	1.02082
16.48103	0.03637	7.57364	5.54924	5.3904	4.59573	4.71949	1.18062
16.28744	0.03587	7.30739	4.94633	4.16713	3.08426	2.87709	0.62371
10.05922	0.02524	6.47299	4.9859	4.72762	3.62333	3.99459	0.92963
9.84286	0.02377	5.54239	4.17207	3.72965	2.90797	3.2509	0.76252
5.78285	0.01498	4.51896	3.95857	3.82976	3.20422	3.68143	0.9266
9.31348	0.02307	4.766	3.61788	3.52637	2.87051	3.48692	0.79922
4.58789	0.01365	3.63089	3.32004	3.44326	2.94053	3.21365	0.83515
4.55781	0.01399	3.94839	3.5406	3.43046	2.8222	3.07898	0.77092
32.05265	0.07734	8.94669	4.78852	3.52529	2.47741	2.48479	0.57727
8.35368	0.02236	5.63786	4.49811	4.17461	3.26026	3.62677	0.75678
11.41338	0.0242	5.86857	4.53503	3.99081	2.97375	3.34813	0.75741
4.52533	0.01292	3.70166	3.27677	3.19357	2.66568	3.18134	0.74405
9.12664	0.03062	7.79537	6.88746	7.30097	6.07794	7.4281	1.64302
9.69134	0.03118	8.49218	8.40694	9.49211	8.96889	10.98285	3.20557
21.85876	0.05129	9.44257	6.29144	5.64848	4.74412	5.33319	1.45769
9.34548	0.0259	7.11245	6.25772	6.32378	5.61777	6.72259	1.73631
9.02124	0.02419	6.14802	5.10526	4.81998	3.86062	4.1756	0.89287
5.95247	0.01875	5.07658	4.54776	4.47801	3.62474	4.35571	0.95376
4.69263	0.01291	4.0086	3.68952	3.50247	2.80713	3.12911	0.7199
8.31014	0.02174	4.97767	4.01101	3.94648	3.15	3.58777	0.93288
8.28244	0.02091	5.02316	3.73115	3.48806	2.49436	2.74908	0.61616
8.11037	0.029	6.63658	6.27396	6.37706	5.43017	6.48353	1.42689
11.2315	0.03188	6.86265	5.66722	5.37521	4.3087	5.05255	1.11794
7.41922	0.01834	4.55928	3.66347	3.35851	2.64847	3.09524	0.70305
5.33616	0.01492	4.14099	3.64189	3.58852	3.10988	3.74199	1.03275
4.58397	0.01387	3.70309	3.20753	2.87228	2.32162	2.48789	0.54509
4.73969	0.01371	3.90249	3.58934	3.35033	2.70436	3.08965	0.61761
10.64202	0.02721	5.56942	4.30901	4.10036	3.40392	3.72908	0.85609
4.50473	0.01492	3.83915	3.48189	3.55143	3.05414	3.47919	0.85313
14.63474	0.02924	5.71539	4.0364	3.57982	2.79683	3.63603	0.78975
4.01657	0.013	3.27086	2.79014	2.48207	1.74974	1.67821	0.34421
7.02998	0.02064	4.51757	3.51268	3.3117	2.73124	3.23114	0.90635
3.71052	0.01382	3.31216	2.93988	2.79706	2.05849	2.23011	0.48549
4.4014	0.01583	3.98705	3.7944	3.65793	3.00797	3.32149	0.7867
4.78036	0.01764	4.38326	4.103	3.9257	3.21567	3.74027	0.87062
4.67216	0.01365	3.81842	3.44581	3.23593	2.6268	3.30366	0.70465
3.84906	0.01155	3.17264	2.81214	2.64801	1.93932	2.07219	0.46208
4.33847	0.01245	3.4557	3.04763	2.86062	2.2581	2.48213	0.54959
5.2163	0.01155	3.01701	2.48873	2.28121	1.78838	2.10973	0.44357
4.54022	0.01462	3.77662	3.42856	3.40956	2.89856	3.44796	0.80273
5.16656	0.01507	3.6622	3.06085	2.87992	2.24353	2.66202	0.60464
3.24167	0.01075	2.7228	2.40192	2.24905	1.63424	1.72189	0.36488
6.24044	0.01572	4.03268	3.31509	3.00352	2.19278	2.21859	0.56713
3.66345	0.01143	3.10441	2.72412	2.56992	2.07363	2.40399	0.55886
6.91272	0.01951	4.7518	3.99957	3.51065	2.83566	3.00973	0.68592
4.94355	0.01593	4.14189	3.72642	3.5677	2.60705	2.8631	0.70704
4.24021	0.01334	3.50404	3.12326	3.09475	2.32579	2.58256	0.65651
3.71661	0.01327	3.28619	3.0134	3.00219	2.30953	2.38538	0.56094
3.80325	0.01099	2.98507	2.53532	2.30601	1.7489	1.94014	0.41529
4.25909	0.01422	3.69824	3.41067	3.38516	2.66192	2.85396	0.78404
6.50756	0.01573	3.80992	2.98932	2.65051	2.05848	2.24646	0.49325
3.35639	0.01092	2.84384	2.47681	2.25399	1.68333	1.88209	0.41073
4.36343	0.01392	3.62061	3.24243	3.2461	2.7602	3.09279	0.78968
4.81825	0.01576	3.97344	3.4896	3.20961	2.25339	2.32552	0.50616
4.70434	0.01357	3.68226	3.20178	3.09526	2.64021	3.00216	0.7244
5.64634	0.01764	4.60533	4.37673	4.89267	4.11616	4.4923	1.32214
5.17529	0.01741	4.24345	3.68256	3.69627	2.96095	3.40008	0.77479
4.54493	0.01695	4.18173	3.96608	3.97184	3.13548	3.63442	0.99643
6.46307	0.01745	4.16111	3.37122	3.06344	2.3706	2.89552	0.64369
3.82451	0.01354	3.27705	2.84939	2.61624	2.09924	2.38693	0.54278
4.00522	0.01371	3.4751	3.05116	2.88834	2.20498	2.3731	0.53353
4.89548	0.0154	3.8553	3.48355	3.38605	2.73408	3.09449	0.75236
4.64658	0.01389	3.68165	3.17853	3.08441	2.36563	2.63017	0.74313
4.47819	0.01426	3.68901	3.40468	3.42999	2.73589	3.14288	0.74982
3.82739	0.01201	3.18436	2.80555	2.7431	2.26615	2.54349	0.52873
4.65576	0.01525	3.87113	3.5585	3.70122	2.90944	3.38702	0.94989
3.73366	0.01296	3.09879	2.66244	2.48274	1.83023	1.87985	0.40482
4.1325	0.01205	3.45798	3.17676	3.10924	2.5727	2.84999	0.65108
3.38252	0.01096	2.83782	2.61223	2.73869	2.31647	2.27064	0.52407
5.83588	0.01785	4.64393	4.14515	4.27089	3.55229	4.13106	0.89987
5.33072	0.01754	4.13114	3.58302	3.38375	2.59069	2.74605	0.73227
5.22264	0.01644	4.21588	3.77412	3.47744	2.65385	2.79218	0.60636
4.84108	0.01505	3.80985	3.47823	3.72303	3.18233	3.68187	1.02004
6.71619	0.02044	4.93176	4.32283	4.3531	3.66937	4.49586	1.07205
13.01406	0.03185	6.11593	4.45359	4.18466	3.5248	4.29199	1.0461
5.87136	0.01819	4.49214	4.01694	4.22847	3.34346	3.9457	1.005
5.41976	0.01865	4.60827	4.22426	4.24272	3.23149	3.69198	0.89538
4.90233	0.01912	4.33264	4.0895	4.07511	3.19299	3.43101	0.75797
5.51366	0.01821	4.4577	4.04962	3.96754	3.28097	3.89899	0.90633
6.12982	0.02047	5.25494	4.92078	5.24511	4.44237	5.51548	1.20479
4.88397	0.01681	4.31355	4.06086	4.09705	3.58343	4.0547	0.98594
4.50471	0.01411	3.64886	3.1934	3.03642	2.26103	2.5789	0.6412
5.13902	0.01655	4.30371	3.88677	4.03214	3.25517	3.85798	0.94929
4.88804	0.01507	3.66467	2.97659	2.72489	2.1186	2.47512	0.61508
4.65764	0.01665	4.13364	3.77159	3.9215	3.13096	3.7409	1.06945
4.93899	0.01571	4.08214	3.8043	3.96855	3.4058	4.18681	1.09919
5.23858	0.01668	4.3236	3.87949	3.9706	3.23788	3.71203	0.99717
3.88092	0.01207	3.28384	3.0202	3.12446	2.6724	2.99747	0.70402
6.74311	0.01851	4.38328	3.8614	4.14755	3.44421	4.18083	0.98556
4.54385	0.0151	3.84764	3.47173	3.58294	3.27222	3.65189	0.87531
4.27985	0.01466	3.75253	3.41234	3.62514	3.24057	3.93892	1.0774
2.93874	0.00929	2.45827	2.21475	2.09206	1.69763	1.72451	0.37904
3.53368	0.01072	3.00166	2.8229	2.82585	2.43465	3.04079	0.77996
3.9271	0.01171	3.0603	2.65487	2.69738	2.18575	2.28812	0.56256
3.80641	0.01252	3.17616	2.89624	2.67495	2.1367	2.21003	0.5081
3.49307	0.01069	2.79326	2.36825	2.1597	1.77698	2.02227	0.55047
3.54024	0.01225	3.08174	2.64683	2.65303	2.23227	2.48209	0.53296
3.04732	0.01011	2.60812	2.36238	2.11555	1.62845	1.67149	0.36717
3.19831	0.00982	2.52506	2.22583	2.17708	1.80863	2.16673	0.49138
3.80018	0.01083	2.85869	2.38657	2.26773	1.94781	2.19046	0.47055
4.16915	0.01398	3.47464	3.10213	3.18574	2.83273	3.42186	0.94754
4.07684	0.01368	3.46017	3.14787	3.34727	2.68263	3.00945	0.71094
3.31467	0.01085	2.7209	2.53471	2.623	2.22567	2.74635	0.68803
3.56394	0.01135	2.90475	2.66607	2.64183	2.1171	2.41522	0.57441
3.46195	0.01112	2.76388	2.43553	2.33599	1.97987	2.20998	0.5984
3.95287	0.01236	2.98972	2.60507	2.47594	1.84892	1.97946	0.41337
3.0892	0.01027	2.61146	2.19341	1.91227	1.41845	1.58533	0.38283
3.46408	0.01067	2.87198	2.54441	2.66483	2.09678	2.36529	0.63093
3.44694	0.01037	2.61529	2.24662	2.1061	1.80219	2.2886	0.53729
3.06881	0.0092	2.49185	2.15606	2.03603	1.67166	1.72893	0.35734
3.04403	0.00947	2.59795	2.34606	2.11135	1.67386	1.8551	0.48298
6.08765	0.01389	3.13109	2.48029	2.12181	1.6353	1.69987	0.32772
4.32761	0.01337	3.67177	3.4518	3.72922	3.70347	4.72134	1.11013
3.54031	0.01181	3.0063	2.70984	2.84186	2.56978	3.06099	0.77509
4.63539	0.01661	4.00057	3.5526	3.64817	3.32498	4.28317	1.19631
5.81075	0.01939	4.77658	4.18346	4.43111	4.29637	5.78958	1.31442
5.54383	0.01834	4.72748	4.38895	4.77724	4.04432	4.5289	1.11753
6.7642	0.02365	5.78613	5.17747	5.41499	4.48802	5.35497	1.3814
4.91606	0.01537	3.87006	3.42155	3.43951	2.78008	3.08458	0.83091
4.90842	0.01382	3.48593	2.81837	2.55861	1.93694	1.96727	0.40928
5.92629	0.01838	4.65717	4.22457	4.48785	3.81069	4.89451	1.27498
13.527	0.03326	6.82236	4.88205	4.36653	3.47042	4.23596	1.04408
4.93636	0.01858	4.11562	3.39225	3.07061	2.34998	2.6035	0.54871
4.02702	0.01299	3.2811	2.97533	2.90935	2.42499	2.96392	0.71857
5.27936	0.01875	4.39922	4.00001	3.8727	3.13844	3.43972	0.81012
4.26905	0.01409	3.35882	3.00291	2.92253	2.42713	2.54731	0.59521
4.11815	0.01209	3.32598	3.07748	2.93261	2.35946	2.63319	0.69192
4.23648	0.01529	3.66567	3.28004	3.17576	2.58197	2.9381	0.72624
3.98952	0.01337	3.33086	3.10275	3.36292	3.12012	3.67019	0.89722
5.2208	0.01524	4.01009	3.60805	4.14018	3.86241	4.37856	1.10493
4.24543	0.01487	3.70639	3.49229	3.59083	2.99433	3.37171	0.87458
6.6812	0.01848	4.46235	3.74014	3.79576	3.17951	3.78079	0.93045
4.28671	0.01337	3.4295	3.10805	3.00923	2.42987	2.58394	0.5498
7.95942	0.02618	5.62453	4.72841	4.65603	4.07287	5.12081	1.27045
11.7544	0.0274	5.30994	3.91807	3.61348	3.09388	3.99719	1.11846
8.38915	0.0219	4.65924	3.44282	3.16426	2.63958	2.73289	0.4971
4.95006	0.01453	3.86892	3.39179	3.36922	2.74377	3.1174	0.76848
20.90868	0.04688	6.75781	4.42497	3.84443	2.91398	3.31222	0.82338
7.67643	0.02088	4.43062	3.45221	3.26538	2.63783	3.32769	0.74494
14.18354	0.03823	7.10187	5.54964	5.16471	4.26962	4.91621	1.13323
6.26843	0.0232	5.49664	5.01613	5.06948	4.25429	5.05296	0.95
7.37468	0.02312	5.9209	5.15012	4.95222	3.77705	4.21893	1.0204
5.85221	0.01795	4.75236	4.14005	3.93294	3.25173	3.49199	0.83827
6.50025	0.02008	4.94056	4.38169	4.21527	3.59778	4.65561	1.12664
5.85995	0.02219	5.02751	4.50614	4.5935	4.02048	4.07156	0.88933
6.15541	0.01876	4.64869	3.9765	3.83121	3.30707	3.73672	0.92173
5.7032	0.0158	4.31377	3.85145	3.99063	3.45998	4.53886	1.14578
6.41591	0.02122	4.90967	4.33391	4.55019	3.62109	4.00851	0.99973
5.64966	0.02031	4.66605	4.2425	4.54856	4.0264	4.75023	1.13697
5.06762	0.01885	4.42305	4.02572	4.36511	3.78989	4.45907	1.1989
4.06438	0.01398	3.49088	3.0903	2.97625	2.48891	2.86142	0.70201
5.3231	0.02061	4.7035	4.23806	4.34507	3.63544	4.20111	1.05674
5.29142	0.01567	4.05244	3.58327	3.47931	2.86156	3.16571	0.76505
3.99824	0.01473	3.41694	3.01448	3.12268	2.68456	3.10969	0.81081
4.83446	0.01613	3.96956	3.67196	3.87159	3.13078	3.54348	0.86076
5.94683	0.01913	4.34654	3.68218	3.49251	2.8169	3.15371	0.7401
4.17163	0.0136	3.46529	3.2531	3.40876	2.88017	3.72172	0.91386
5.26633	0.0173	4.42845	4.2101	4.35668	3.78954	4.49153	1.04523
6.59237	0.02226	5.31578	4.81669	5.56889	5.22152	6.65637	1.97361
10.68539	0.0273	5.50944	4.53272	4.54753	3.67861	4.75732	1.12707
5.78751	0.01935	4.68914	4.43851	4.53924	3.99731	4.33793	1.17084
5.75513	0.01867	4.68385	4.14222	4.18826	3.29182	3.41343	0.82155
8.81265	0.02626	5.48589	4.85967	5.1604	4.51146	5.34969	1.67882
15.99572	0.04461	7.31789	5.14142	4.90601	4.05725	4.52298	1.18498
6.24895	0.01936	4.3226	3.6307	3.56201	2.91129	3.43361	0.86495
4.74419	0.01745	4.17242	3.84072	3.8468	3.09156	3.90179	0.9965
3.90833	0.01447	3.40313	3.27733	3.29389	2.87744	3.34969	0.9447
4.33432	0.01352	3.46251	3.2303	3.24894	3.04059	3.39678	0.76112
3.04436	0.01132	2.76693	2.36045	2.20411	1.57973	1.74508	0.33536
3.44281	0.01033	2.73044	2.33031	2.16002	2.01335	2.38361	0.55607
4.45937	0.01262	3.2517	3.07816	3.07754	2.49612	2.49962	0.61382
4.02079	0.01436	3.2102	2.69748	2.54425	2.15782	2.35718	0.55178
3.06396	0.01143	2.68634	2.33131	2.16578	1.8482	2.20601	0.49849
8.56164	0.02159	3.78385	2.68517	2.4132	1.97404	2.37448	0.58979
3.62109	0.01235	3.01278	2.93474	2.91495	2.63359	3.28445	0.90131
2.87563	0.01073	2.50956	2.2437	2.0943	1.6751	1.77731	0.39228
5.00972	0.01348	3.59776	3.30112	3.23994	2.77268	3.28917	0.76179
4.22238	0.01333	3.58643	3.48833	3.76939	3.40445	4.48733	1.21432
4.45659	0.01516	3.90704	3.76577	4.09328	3.58695	3.96751	1.04077
6.44667	0.01902	4.0942	3.68154	3.8278	3.41866	4.33303	0.99975
3.80445	0.01261	3.11413	2.84817	2.72638	2.23339	2.61439	0.68114
4.23023	0.01684	3.85671	3.5811	3.65171	3.26192	4.13211	1.02202
3.43735	0.01095	2.92956	2.67308	2.56913	2.12847	2.72902	0.63621
3.79933	0.00957	2.50312	1.98967	1.62883	1.19875	1.33435	0.26861
2.83218	0.00795	2.20785	1.90705	1.73798	1.42083	1.80252	0.41334
2.19766	0.00627	1.75344	1.62446	1.54943	1.30484	1.66204	0.4508
2.25418	0.00763	1.90853	1.79119	1.80597	1.55888	1.83687	0.4276
1.86866	0.00563	1.52748	1.37933	1.26336	0.9998	1.07686	0.2113
2.18558	0.00729	1.83874	1.64172	1.54989	1.21729	1.36692	0.33549
2.16414	0.00705	1.79898	1.58971	1.45001	1.14433	1.31755	0.30801
2.03016	0.00627	1.65987	1.46724	1.44975	1.25728	1.4281	0.39101
1.81654	0.00524	1.54393	1.41829	1.32802	1.11178	1.33427	0.33854
2.14339	0.00667	1.72867	1.49628	1.39732	1.1232	1.2786	0.29327
1.98642	0.00609	1.65361	1.44582	1.30824	1.01968	1.14709	0.24487
2.46925	0.00715	1.88061	1.66017	1.45634	1.15482	1.23128	0.2713
2.18977	0.00698	1.70348	1.50928	1.34268	1.08178	1.19042	0.27596
2.04805	0.00618	1.69362	1.43309	1.33977	1.06086	1.15801	0.25777
1.77002	0.00535	1.43178	1.2047	1.03614	0.74853	0.79527	0.17651
1.87865	0.00565	1.53943	1.39033	1.31128	1.0459	1.19574	0.33104
6.66627	0.01697	2.46656	1.60624	1.30756	1.01104	1.01612	0.22929
2.30694	0.00764	1.88214	1.69568	1.6319	1.27569	1.41221	0.34017
2.28807	0.0067	1.74858	1.53257	1.41939	1.14516	1.373	0.32581
2.3246	0.00679	1.81062	1.58764	1.50322	1.2403	1.3272	0.2702
2.04178	0.0065	1.71738	1.5138	1.40202	1.1834	1.29008	0.31998
2.03287	0.00659	1.71209	1.62277	1.67303	1.53689	1.83923	0.51765
2.10493	0.00637	1.70949	1.47847	1.33958	1.10997	1.21171	0.32876
2.06826	0.00634	1.68461	1.50171	1.39139	1.07492	1.07361	0.25052
2.03253	0.00608	1.67324	1.54735	1.55466	1.39599	1.72156	0.49167
2.48942	0.00766	2.01313	1.81158	1.80662	1.67071	2.08359	0.55054
2.0909	0.00609	1.65912	1.46694	1.37295	1.07644	1.16624	0.26038
1.87878	0.00586	1.58244	1.31641	1.18789	0.9242	1.0704	0.25238
1.99816	0.00588	1.56994	1.36174	1.27172	1.00049	1.15811	0.34416
2.12284	0.00648	1.72874	1.47771	1.22404	0.95398	0.99153	0.20922
2.79149	0.00871	2.16407	1.94756	1.90975	1.50897	1.64928	0.40909
1.92377	0.0057	1.56878	1.41227	1.40489	1.26111	1.6803	0.42143
2.01849	0.00675	1.70778	1.51665	1.43516	1.20597	1.37345	0.30028
1.83275	0.00616	1.55363	1.34257	1.222	0.9913	1.1984	0.28062
2.10934	0.00655	1.73424	1.52237	1.40709	1.18636	1.27199	0.27554
1.91214	0.00647	1.63938	1.54932	1.57628	1.37156	1.64461	0.38458
2.1388	0.0071	1.7715	1.51706	1.43929	1.15411	1.26988	0.35925
2.04818	0.00586	1.7046	1.54281	1.43778	1.20542	1.33357	0.32982
1.79386	0.00568	1.45925	1.26511	1.13074	0.94396	1.00536	0.25698
1.68045	0.00504	1.32603	1.18804	1.08364	0.8381	0.91051	0.19885
1.59954	0.00507	1.35119	1.18801	1.11029	0.83726	0.88152	0.21324
2.10024	0.006	1.63461	1.47172	1.45682	1.23071	1.37071	0.34695
1.88175	0.00544	1.48815	1.26438	1.16498	0.91224	0.95861	0.20857
1.98143	0.00639	1.60735	1.39612	1.25796	0.99297	1.05196	0.24758
1.99599	0.00641	1.59375	1.37817	1.23842	0.95746	1.02325	0.22032
1.92886	0.00628	1.62675	1.40166	1.33043	1.10603	1.21466	0.24949
1.79832	0.0053	1.48673	1.27755	1.16094	0.95645	1.08614	0.24937
2.36341	0.00714	1.78996	1.58421	1.56799	1.33318	1.66224	0.43851
1.81263	0.00525	1.45449	1.30039	1.0974	0.78774	0.83869	0.18009
1.89299	0.0064	1.61101	1.39501	1.2487	0.97796	0.96882	0.21597
2.12169	0.00691	1.73668	1.55699	1.62205	1.39086	1.58732	0.41223
2.13527	0.00633	1.75509	1.58347	1.5299	1.25254	1.4044	0.36402
2.05239	0.00738	1.84239	1.66805	1.73864	1.59315	1.80251	0.51248
2.31723	0.00739	1.86408	1.70015	1.66371	1.43022	1.53131	0.37547
2.04542	0.00662	1.68417	1.46302	1.40613	1.1404	1.31997	0.29245
1.78874	0.00532	1.46756	1.27411	1.18507	1.00462	1.24576	0.29298
1.9538	0.00593	1.50708	1.31191	1.17069	0.87596	0.82404	0.17543
2.05967	0.00664	1.67478	1.46567	1.35386	1.13965	1.28669	0.34204
2.25248	0.00732	1.84176	1.6351	1.57432	1.25306	1.45545	0.34502
2.21564	0.00725	1.85685	1.71544	1.66061	1.3373	1.59402	0.39069
2.09337	0.00616	1.68425	1.51301	1.42469	1.26094	1.52398	0.34084
1.88561	0.00616	1.53217	1.33206	1.25174	1.01104	1.05043	0.24954
2.0954	0.0066	1.70241	1.42045	1.30578	1.0344	1.15061	0.28366
1.88051	0.00569	1.5393	1.33871	1.1918	0.95777	0.98761	0.22993
2.03348	0.00659	1.65901	1.50889	1.56832	1.32849	1.55673	0.40743
2.22543	0.00742	1.84097	1.64051	1.62405	1.44809	1.54772	0.33126
1.77602	0.00517	1.45856	1.22232	1.09946	0.85984	1.01316	0.25081
1.89338	0.00563	1.56298	1.32989	1.25709	1.04673	1.26799	0.32001
2.76525	0.00688	1.73772	1.61473	1.5404	1.21352	1.35641	0.33588
1.84559	0.00524	1.52036	1.38581	1.31587	1.0714	1.15655	0.24845
1.74854	0.00575	1.45925	1.25313	1.13072	0.88149	0.93317	0.19164
1.63306	0.00485	1.32881	1.14695	0.99879	0.82643	0.97262	0.26308
1.78811	0.0056	1.41038	1.24256	1.10796	0.87556	0.96548	0.21463
1.76286	0.00555	1.45051	1.23601	1.09522	0.85584	0.98835	0.20366
2.05201	0.0065	1.6667	1.42191	1.30584	0.94595	0.98951	0.21004
1.93965	0.00585	1.57511	1.40614	1.32822	1.1485	1.44228	0.33099
1.92396	0.00636	1.59578	1.43946	1.34267	1.08862	1.31467	0.31762
2.19944	0.0062	1.71403	1.46823	1.31973	0.95452	1.09206	0.24659
1.95826	0.00545	1.48955	1.23288	1.12449	0.85422	0.96474	0.23462
2.26491	0.00753	1.85478	1.64026	1.59513	1.28285	1.51337	0.35514
2.35254	0.00677	1.76705	1.52925	1.47061	1.28164	1.54338	0.35301
1.67851	0.00548	1.3836	1.22088	1.21327	1.0425	1.33923	0.35131
2.51179	0.00694	1.78099	1.63611	1.60753	1.2427	1.25596	0.24558
1.75051	0.00525	1.45374	1.29403	1.18338	0.89444	1.02351	0.2659
3.3279	0.00895	2.00631	1.68812	1.56535	1.29468	1.66677	0.45581
1.90099	0.00581	1.5643	1.31226	1.19213	0.9876	1.03933	0.25376
1.85359	0.00543	1.48815	1.34539	1.26544	1.06165	1.22079	0.29947
1.86103	0.00563	1.55837	1.36809	1.29409	1.07353	1.2459	0.27354
2.10375	0.0065	1.7141	1.53366	1.51847	1.28461	1.59851	0.35488
2.02893	0.00628	1.6209	1.40231	1.24858	0.95615	1.06594	0.24659
2.6841	0.00757	1.97202	1.67975	1.63096	1.42704	1.63333	0.40099
2.31635	0.00688	1.73132	1.50714	1.42039	1.25229	1.51087	0.3722
2.39708	0.00656	1.72714	1.55025	1.49496	1.20547	1.26762	0.27763
1.87004	0.00526	1.46712	1.27707	1.12583	0.94316	0.9604	0.21461
2.41997	0.00752	1.89025	1.65883	1.6082	1.38196	1.81776	0.49523
2.01304	0.0063	1.66073	1.45007	1.43141	1.18072	1.41701	0.33904
1.95529	0.0056	1.52377	1.36991	1.31653	1.08302	1.2306	0.32193
1.8747	0.0053	1.45922	1.27121	1.23108	0.96081	1.05254	0.21477
2.20305	0.00642	1.74536	1.54667	1.45659	1.20777	1.33727	0.31285
2.16149	0.0061	1.70871	1.50374	1.44904	1.24246	1.34485	0.32098
1.82549	0.00681	1.55536	1.31319	1.25012	0.94421	1.12484	0.24173
1.89109	0.00516	1.44561	1.23486	1.12199	0.92686	0.97447	0.23732
2.28832	0.00688	1.78444	1.56399	1.50771	1.20899	1.28204	0.28324
1.9203	0.00543	1.50692	1.33347	1.13614	0.90432	0.93302	0.18093
1.77706	0.00531	1.48713	1.32509	1.32007	1.07962	1.21719	0.32179
1.78277	0.00481	1.38062	1.23142	1.18223	0.91297	1.03731	0.27647
2.07731	0.00551	1.60334	1.49986	1.58006	1.40257	1.86281	0.48132
1.91154	0.00561	1.54754	1.32399	1.2248	0.99649	1.127	0.27368
1.89752	0.00637	1.56749	1.36443	1.28261	1.05065	1.19605	0.30084
1.89163	0.00677	1.60317	1.49028	1.49055	1.24738	1.38056	0.33342
2.06012	0.00586	1.62038	1.41016	1.43605	1.30295	1.64208	0.45675
2.16316	0.00598	1.62285	1.3388	1.15372	0.94624	1.12493	0.33781
2.2901	0.00674	1.78457	1.56625	1.59828	1.4235	1.63848	0.43508
1.79459	0.00495	1.41995	1.23854	1.14248	0.92202	1.03099	0.29683
2.13434	0.00692	1.83697	1.60512	1.63296	1.44764	1.6513	0.37163
1.97145	0.00598	1.58368	1.40527	1.34141	1.1374	1.32317	0.3244
2.18829	0.00753	1.85159	1.65163	1.57293	1.30897	1.5365	0.34098
2.05884	0.00626	1.63893	1.48627	1.48109	1.1936	1.34101	0.32936
2.06559	0.00625	1.67546	1.48707	1.3714	1.1042	1.17349	0.2664
1.7795	0.00543	1.44164	1.26689	1.18263	0.97221	0.95375	0.2052
2.52021	0.00689	1.87629	1.7387	1.70624	1.41012	1.5054	0.37864
1.69602	0.00492	1.3691	1.21887	1.16656	0.99575	1.10653	0.24818
1.84549	0.00489	1.42958	1.1823	1.06871	0.83088	0.90148	0.19252
2.04793	0.00627	1.66079	1.43553	1.34573	1.07213	1.24633	0.3534
1.63806	0.00442	1.30942	1.11045	0.94601	0.68874	0.73127	0.1554
1.81306	0.00526	1.45791	1.29058	1.217	1.01235	1.22208	0.35447
2.13287	0.00626	1.73608	1.5543	1.57431	1.39885	1.8241	0.45487
2.14251	0.00658	1.67721	1.56399	1.54088	1.30022	1.52019	0.39053
2.32307	0.0068	1.73202	1.56912	1.42024	1.07407	1.09413	0.23792
1.8453	0.00607	1.52943	1.34188	1.29291	1.03473	1.13954	0.25512
1.95621	0.00603	1.63299	1.47026	1.40185	1.17647	1.2859	0.26273
2.12985	0.0062	1.68212	1.54227	1.54486	1.25315	1.44602	0.37863
1.89871	0.0054	1.48333	1.26595	1.11322	0.89782	1.11713	0.2746
2.25797	0.00694	1.7577	1.57083	1.64476	1.46301	1.66103	0.42313
2.36232	0.00707	1.81252	1.51111	1.35434	1.04656	1.25949	0.29484
1.85467	0.00553	1.5162	1.29789	1.24499	0.99235	1.08903	0.25279
2.0799	0.00558	1.53927	1.31427	1.14531	0.87012	0.89139	0.19836
2.83813	0.00914	1.98105	1.6505	1.62777	1.29789	1.36968	0.32906
1.68931	0.00507	1.35743	1.20244	1.18956	1.07634	1.30545	0.32585
2.2441	0.00757	1.8924	1.59362	1.61363	1.35137	1.55756	0.35562
2.04073	0.00608	1.62165	1.34735	1.31755	1.09697	1.28194	0.294
2.06174	0.00618	1.57818	1.45748	1.3093	0.9694	0.96595	0.1982
1.97302	0.0064	1.60273	1.39667	1.25261	1.02507	1.2547	0.30577
2.61517	0.00761	1.91453	1.68566	1.5491	1.29556	1.42515	0.35352
2.31631	0.00707	1.84566	1.67772	1.69944	1.57281	2.06342	0.51625
2.08168	0.00722	1.74383	1.47433	1.32065	1.09703	1.0373	0.21389
2.20321	0.00755	1.8316	1.65438	1.66849	1.51532	1.72853	0.44995
2.632	0.00844	2.02098	1.70309	1.66057	1.37753	1.47482	0.32529
1.95702	0.0063	1.55064	1.32814	1.21433	0.97266	1.10786	0.24937
1.81725	0.00536	1.45139	1.3054	1.30108	1.04401	1.08758	0.25187
2.15578	0.00648	1.67323	1.471	1.39512	1.12052	1.18648	0.24335
2.06714	0.00631	1.64303	1.40292	1.2644	1.01785	1.03571	0.25905
1.98568	0.00563	1.5616	1.33451	1.27958	1.09007	1.30765	0.28506
3.58063	0.00966	2.42774	2.14848	2.13115	1.71463	1.79002	0.55143
2.48074	0.00808	1.96802	1.69879	1.64465	1.31545	1.52465	0.32568
2.31549	0.00753	1.90612	1.69265	1.69349	1.39014	1.56652	0.31616
2.14616	0.00683	1.74167	1.60671	1.65433	1.39958	1.56472	0.38723
2.011	0.00628	1.68384	1.46471	1.37464	1.16997	1.34155	0.30907
2.07942	0.00533	1.48806	1.33092	1.23754	0.95672	0.9208	0.20517
2.06159	0.00575	1.57043	1.39698	1.30448	1.08052	1.25187	0.32422
1.9572	0.00606	1.64403	1.46858	1.4426	1.2337	1.48279	0.38403
2.02645	0.00654	1.68036	1.49015	1.46761	1.29132	1.55671	0.37143
2.33925	0.00886	2.00618	1.90171	2.03594	1.70788	1.89101	0.53138
2.5033	0.00858	2.06759	1.86278	1.8757	1.53779	1.93154	0.43729
2.31196	0.00736	1.92445	1.81491	1.98285	1.67643	2.04487	0.67955
2.46947	0.00704	1.87702	1.69334	1.80301	1.63548	2.10876	0.50752
1.81458	0.00527	1.43336	1.30174	1.28687	1.0428	1.24262	0.29319
1.98277	0.00641	1.61729	1.40845	1.35399	1.08794	1.2087	0.25994
1.73822	0.00503	1.37513	1.19416	1.03994	0.79667	0.74829	0.15185
2.19977	0.00636	1.65655	1.42565	1.32918	1.07581	1.10316	0.24307
1.9443	0.00559	1.53934	1.36815	1.27508	1.00008	1.10239	0.26168
2.19317	0.00687	1.77401	1.56056	1.57941	1.33283	1.51974	0.38675
2.93507	0.00854	2.1765	1.84014	1.72323	1.32325	1.56409	0.31821
2.49875	0.00735	1.78158	1.62903	1.57324	1.34103	1.48392	0.35782
2.90214	0.00878	2.08853	1.81077	1.75955	1.47315	1.46845	0.38247
2.39824	0.00697	1.80096	1.45131	1.26914	1.09423	1.11732	0.26052
2.36233	0.00732	1.84188	1.54511	1.43057	1.18789	1.2016	0.26868
2.01458	0.00564	1.6195	1.41841	1.3191	0.98842	1.0206	0.1689
1.98829	0.00619	1.62622	1.46149	1.45917	1.24799	1.51584	0.36277
1.92061	0.00597	1.50438	1.35169	1.34863	1.10065	1.14306	0.25301
1.96836	0.00566	1.55987	1.37584	1.38245	1.29207	1.67397	0.44592
1.94837	0.00619	1.57517	1.40468	1.29577	1.01625	1.16707	0.30928
2.17204	0.0062	1.66787	1.49622	1.44636	1.23741	1.50814	0.42529
2.07686	0.0061	1.65549	1.39571	1.22001	0.92627	0.92711	0.19985
1.93346	0.00528	1.45321	1.26714	1.19828	1.00348	1.08919	0.22977
1.99732	0.0068	1.67999	1.47512	1.42186	1.18031	1.25409	0.31172
2.0998	0.00699	1.75752	1.52874	1.44951	1.14932	1.33286	0.31731
1.81954	0.00534	1.40138	1.13467	0.97303	0.74914	0.83732	0.18726
2.09388	0.00657	1.7024	1.46823	1.39466	1.19176	1.46859	0.35844
2.31973	0.00731	1.77675	1.56206	1.53146	1.37738	1.68507	0.40229
2.14865	0.00663	1.72622	1.57982	1.60981	1.42113	1.59501	0.40719
2.10349	0.00659	1.68285	1.45853	1.42475	1.17049	1.23704	0.25952
2.08109	0.00634	1.63073	1.4901	1.4558	1.26304	1.38377	0.32126
2.32194	0.00855	1.92224	1.73153	1.72569	1.53187	1.71746	0.38674
2.03694	0.00606	1.59334	1.41748	1.43154	1.26072	1.49767	0.37226
1.76484	0.0051	1.42459	1.23913	1.15391	1.00112	1.21035	0.26997
2.14713	0.00644	1.79021	1.64188	1.79127	1.61027	2.11166	0.56852
1.83198	0.00504	1.41632	1.20108	1.01235	0.72107	0.71775	0.15507
2.02442	0.00575	1.61995	1.43841	1.39491	1.12931	1.35199	0.37282
2.10023	0.00657	1.67661	1.52105	1.49646	1.25665	1.46188	0.40097
1.99489	0.00617	1.58075	1.38878	1.32313	1.09424	1.26463	0.2932
1.94469	0.00653	1.57269	1.42487	1.4368	1.20119	1.37387	0.3388
2.08481	0.00669	1.65184	1.40724	1.31201	1.10823	1.32643	0.34861
1.94514	0.00692	1.63298	1.42716	1.36253	1.12143	1.30347	0.31972
2.22796	0.00595	1.66262	1.45912	1.39121	1.22633	1.45268	0.37719
2.24918	0.00688	1.85105	1.68812	1.85098	1.569	1.81159	0.4576
2.41753	0.0076	1.93767	1.69642	1.65337	1.42281	1.70881	0.44096
1.7263	0.00518	1.36612	1.21626	1.15737	0.92034	1.01546	0.2317
2.01214	0.00664	1.68972	1.48396	1.48527	1.26725	1.46611	0.36345
1.9698	0.00602	1.52167	1.31334	1.24837	0.99872	1.06497	0.21422
2.10769	0.00669	1.6526	1.44623	1.40532	1.22001	1.406	0.32896
2.3252	0.00714	1.85959	1.62301	1.61969	1.40592	1.62896	0.4518
2.43156	0.00762	1.835	1.59082	1.56636	1.24615	1.4093	0.33019
2.02898	0.00619	1.6194	1.43744	1.41233	1.11964	1.21994	0.27361
1.98208	0.00622	1.55836	1.40687	1.38997	1.14346	1.38221	0.29645
2.41045	0.00757	1.92037	1.70342	1.72064	1.46244	1.62711	0.41031
2.24651	0.00697	1.77671	1.70905	1.81914	1.67489	2.03532	0.49643
2.05516	0.0064	1.66867	1.47067	1.41719	1.10145	1.29097	0.30108
2.24416	0.006	1.62762	1.38048	1.26895	1.07763	1.2508	0.31703
2.06808	0.00626	1.58354	1.29464	1.12443	0.86434	0.9274	0.1986
1.97135	0.00675	1.66354	1.49889	1.52313	1.32274	1.59201	0.37496
1.89944	0.00564	1.55411	1.3467	1.2499	0.97303	1.01607	0.2138
2.19506	0.00604	1.69466	1.52432	1.47645	1.25505	1.23086	0.2471
1.70534	0.00491	1.35245	1.20966	1.16456	0.94324	1.09491	0.23741
2.1439	0.00632	1.70398	1.45761	1.39096	1.15558	1.34766	0.30893
2.07784	0.006	1.65675	1.43	1.39741	1.17539	1.30936	0.33722
2.03583	0.006	1.60273	1.35936	1.21412	0.97288	1.24279	0.31464
1.8353	0.00538	1.37697	1.20122	1.10192	0.88633	0.96873	0.26213
1.94511	0.00589	1.57501	1.46921	1.40323	1.15751	1.37006	0.33376
2.65234	0.00841	2.07651	1.915	2.02615	1.78911	2.16331	0.54171
2.28069	0.00673	1.69839	1.49934	1.46615	1.12197	1.06866	0.21957
1.971	0.00601	1.56329	1.34914	1.24138	0.96864	0.96337	0.22635
2.0402	0.00622	1.61823	1.4519	1.42328	1.30184	1.4926	0.38495
1.85147	0.00562	1.48901	1.34022	1.36932	1.126	1.28033	0.33197
2.05005	0.00685	1.68754	1.5018	1.51421	1.30146	1.48234	0.36094
2.64617	0.00819	2.00229	1.81843	1.9763	1.83733	2.14545	0.58847
2.30822	0.00699	1.77866	1.54972	1.42572	1.10301	1.23362	0.30176
1.88875	0.0058	1.52184	1.29074	1.20139	1.02663	1.12324	0.23683
2.06672	0.00574	1.59215	1.39465	1.25021	0.99748	1.01644	0.23742
2.32662	0.00651	1.70193	1.54568	1.51216	1.32875	1.39771	0.40362
1.88328	0.00543	1.47567	1.31258	1.25954	1.0572	1.18779	0.29733
1.75752	0.00529	1.41966	1.19706	1.11249	0.87316	0.94022	0.21031
2.4196	0.00757	1.93657	1.76952	1.8152	1.5279	1.85537	0.50759
2.07942	0.0067	1.70928	1.49124	1.4411	1.19413	1.31037	0.29371
2.46536	0.00788	1.8949	1.65198	1.71684	1.58281	1.93369	0.48112
2.13263	0.00735	1.84477	1.69932	1.7689	1.45303	1.72344	0.39113
2.40286	0.0082	1.88267	1.6344	1.62578	1.33516	1.33046	0.29449
2.22224	0.00705	1.7358	1.55975	1.63721	1.43228	1.76661	0.41671
2.49086	0.00665	1.7329	1.56318	1.59578	1.42684	1.81106	0.47473
1.71691	0.00484	1.35647	1.12707	1.02891	0.87248	1.09363	0.29478
2.08993	0.00604	1.60895	1.4272	1.39406	1.15624	1.30999	0.31641
1.98796	0.0062	1.56758	1.42306	1.45318	1.20981	1.27198	0.30951
2.27309	0.00665	1.71173	1.48137	1.44441	1.19359	1.37245	0.36007
2.53916	0.00704	1.87341	1.65925	1.67241	1.54762	1.54208	0.3808
1.98894	0.0063	1.57628	1.43086	1.41298	1.29184	1.56838	0.3945
2.12158	0.00621	1.62563	1.50404	1.55307	1.3265	1.43033	0.30495
1.81574	0.0044	1.41677	1.28373	1.15709	0.92481	1.06659	0.22681
1.93168	0.00529	1.49465	1.28691	1.13166	0.86407	0.89434	0.20424
2.12368	0.00639	1.65084	1.43927	1.36614	1.15308	1.21927	0.26549
1.94302	0.00593	1.49592	1.30992	1.26945	1.09882	1.31746	0.3347
2.05546	0.0063	1.60715	1.38617	1.32208	1.11652	1.28568	0.34693
2.35171	0.00658	1.72847	1.41454	1.34831	1.18707	1.30949	0.36288
3.36732	0.01057	2.56056	2.25282	2.37464	2.17334	2.69732	0.67764
2.79404	0.00973	2.21411	1.95676	1.99565	1.65682	1.9187	0.47847
2.17186	0.00716	1.77952	1.588	1.5313	1.44832	1.81639	0.43649
2.60577	0.00807	1.99644	1.80479	1.80248	1.52144	1.67253	0.38923
2.36582	0.00644	1.72868	1.47642	1.43412	1.27137	1.58804	0.45153
2.06629	0.00581	1.60792	1.37747	1.2483	0.95676	1.06759	0.23897
1.94772	0.00577	1.54507	1.38423	1.30795	1.11281	1.21415	0.29083
2.77978	0.00818	2.02227	1.78438	1.78853	1.54486	1.7262	0.40847
2.42303	0.00826	1.97066	1.70291	1.68293	1.3964	1.61241	0.41012
2.1861	0.00682	1.77705	1.56689	1.50792	1.23744	1.59414	0.37981
2.08588	0.00592	1.5669	1.36489	1.26388	1.03689	1.10935	0.25124
2.05676	0.00627	1.61417	1.47161	1.47465	1.23849	1.38304	0.3254
2.97945	0.00862	2.20154	1.95755	1.99903	1.78173	1.94355	0.40326
2.30564	0.00671	1.78714	1.47215	1.37621	1.13013	1.36126	0.30222
2.10751	0.00691	1.70942	1.57381	1.59486	1.38683	1.73989	0.46374
2.241	0.00709	1.72797	1.51696	1.53432	1.27916	1.39961	0.28628
1.94858	0.00566	1.47797	1.25262	1.16191	0.92279	0.96891	0.22406
2.31723	0.00765	1.85239	1.62693	1.61287	1.41473	1.79663	0.43746
2.13931	0.00771	1.78831	1.64957	1.66789	1.52763	1.86742	0.39962
2.60771	0.00815	1.93455	1.7584	1.90533	1.71458	2.09291	0.60602
3.43821	0.01007	2.30534	1.97267	1.9077	1.62361	1.97265	0.5327
2.37529	0.00751	1.83685	1.65894	1.58488	1.36726	1.51398	0.35885
2.26128	0.00678	1.71521	1.48689	1.32478	1.07794	1.16271	0.26629
2.1471	0.00615	1.68662	1.43004	1.34464	1.08785	1.23614	0.27846
2.37079	0.0073	1.77672	1.61685	1.63907	1.38525	1.60044	0.36624
2.55307	0.00758	2.04726	1.90785	2.03357	1.82037	2.33623	0.65223
1.9112	0.00532	1.41367	1.24396	1.13269	0.86384	0.90154	0.21854
2.03822	0.00577	1.56807	1.35882	1.31321	1.07547	1.18906	0.28199
2.23014	0.00662	1.7616	1.60176	1.60177	1.35096	1.33376	0.28208
1.93629	0.00534	1.46444	1.26566	1.20928	1.01452	1.27112	0.32712
2.57461	0.00785	1.99345	1.79571	1.77993	1.45172	1.71681	0.45648
1.73002	0.00451	1.3286	1.1343	1.05777	0.83163	0.78865	0.15315
1.86795	0.00536	1.47294	1.36932	1.38155	1.12822	1.27458	0.3019
2.17981	0.0062	1.63942	1.35238	1.16805	0.87747	0.89979	0.20581
2.41424	0.00877	1.99597	1.81309	1.85637	1.64029	1.88943	0.45189
2.21191	0.00647	1.73939	1.54946	1.54865	1.42114	1.76439	0.54567
1.96274	0.00661	1.5644	1.48346	1.38816	1.17305	1.40344	0.34806
1.89487	0.00592	1.50737	1.36414	1.30788	1.14217	1.32335	0.33324
2.09872	0.0065	1.63788	1.41707	1.30707	1.01858	1.16635	0.23659
2.229	0.00629	1.57735	1.39027	1.22107	1.02553	1.18731	0.31989
2.23791	0.00579	1.62001	1.45601	1.40199	1.13773	1.2797	0.3205
2.30564	0.0059	1.59667	1.36108	1.22869	0.99838	1.16747	0.27674
1.97872	0.00585	1.53377	1.33754	1.42229	1.29482	1.48735	0.39271
1.77653	0.00564	1.40325	1.20417	1.09772	0.92516	0.97065	0.20182
2.85187	0.00774	1.82838	1.51777	1.49005	1.26995	1.45732	0.39706
2.1999	0.0061	1.64993	1.43645	1.34344	1.16897	1.32779	0.35306
1.978	0.0064	1.58539	1.45934	1.46789	1.26987	1.44836	0.35898
2.48449	0.00824	2.00009	1.79993	1.95111	1.63853	2.01178	0.51789
2.41538	0.00699	1.81593	1.62523	1.61658	1.36322	1.41829	0.30238
2.14774	0.00677	1.71576	1.51467	1.48589	1.2567	1.50588	0.37933
2.30201	0.0064	1.78055	1.65571	1.85782	1.85669	2.47947	0.66172
1.95683	0.0056	1.50891	1.31065	1.19436	0.98318	1.01629	0.24151
2.32762	0.00767	1.82926	1.57439	1.46417	1.20032	1.32957	0.29628
1.77384	0.00493	1.39636	1.25133	1.16393	0.96581	0.96555	0.21476
2.42234	0.00719	1.80342	1.57181	1.55512	1.31188	1.47489	0.37344
2.2434	0.00653	1.72633	1.56118	1.57391	1.4027	1.69732	0.434
2.03983	0.00601	1.50938	1.32569	1.31714	1.12877	1.38368	0.36183
2.51354	0.00775	1.92165	1.71443	1.66029	1.34543	1.45382	0.37728
2.91397	0.00805	2.0918	1.84829	1.91817	1.65855	2.03389	0.55143
2.1651	0.00719	1.80629	1.62378	1.56757	1.3328	1.54471	0.39961
2.1405	0.00629	1.69082	1.50576	1.50694	1.27811	1.53994	0.37892
2.51354	0.0082	1.9481	1.71998	1.70892	1.56302	1.89807	0.47133
2.12433	0.00605	1.65671	1.45881	1.41169	1.2589	1.52222	0.33757
2.55192	0.00855	2.08361	1.89068	1.93664	1.75526	1.94476	0.52695
3.15172	0.01048	2.44588	2.2459	2.30613	2.12322	2.31511	0.54446
2.35178	0.00735	1.81578	1.58943	1.499	1.23872	1.38885	0.36879
2.04621	0.00658	1.61	1.43322	1.438	1.20539	1.26143	0.31632
2.07191	0.00611	1.5926	1.40193	1.32483	1.09196	1.32442	0.3143
2.37837	0.00704	1.78913	1.50284	1.39281	1.15861	1.27101	0.30213
2.23343	0.00612	1.59094	1.3086	1.09912	0.84115	0.94377	0.19349
1.75183	0.00534	1.42188	1.23898	1.20262	0.98018	1.04917	0.21287
2.09657	0.00713	1.69573	1.46117	1.39876	1.15191	1.24952	0.25678
2.30578	0.0071	1.81401	1.62414	1.56776	1.30396	1.37041	0.28242
2.45576	0.00696	1.81171	1.57856	1.547	1.42179	1.63402	0.39881
3.86493	0.00943	2.36755	2.13586	2.01924	1.56208	1.6618	0.38397
2.1352	0.00672	1.67338	1.52727	1.60496	1.62759	1.9967	0.54961
1.85103	0.00575	1.45817	1.2711	1.26081	1.05591	1.17883	0.27755
2.19318	0.00618	1.61569	1.37793	1.22286	0.98746	1.0854	0.27775
2.00142	0.00595	1.61312	1.41953	1.43137	1.17736	1.31095	0.31558
2.62491	0.00815	1.98643	1.82036	1.89716	1.87129	2.06368	0.57637
1.8421	0.00594	1.52248	1.33393	1.30382	1.09275	1.17518	0.26973
2.12741	0.00607	1.62601	1.45234	1.3975	1.1872	1.38287	0.35532
2.03676	0.00622	1.57961	1.45637	1.47062	1.27258	1.55477	0.40119
2.39825	0.00813	1.84195	1.70086	1.7273	1.46807	1.78313	0.45033
2.37373	0.00694	1.71144	1.40648	1.28647	0.99558	1.14772	0.26091
1.96598	0.00583	1.52932	1.30372	1.25215	1.02853	1.17641	0.30598
2.12949	0.00619	1.68027	1.53155	1.55064	1.32284	1.48323	0.37543
1.9651	0.00636	1.54567	1.35721	1.30164	1.07945	1.15923	0.2708
2.08624	0.00685	1.63565	1.35781	1.1895	0.87392	0.89392	0.16025
2.17098	0.00606	1.67985	1.47468	1.45458	1.29883	1.42626	0.39272
2.10138	0.00613	1.61476	1.44196	1.47184	1.3374	1.62393	0.42223
1.9005	0.00513	1.38861	1.18856	1.0055	0.79273	0.77339	0.17351
2.08975	0.00612	1.58897	1.4171	1.40395	1.23276	1.49065	0.34676
2.07843	0.00573	1.57035	1.35433	1.22392	0.99239	1.15031	0.29299
2.42167	0.00732	1.86612	1.61656	1.59285	1.33912	1.52147	0.38721
1.8608	0.00546	1.46454	1.31827	1.27302	1.03442	1.14684	0.22421
2.02643	0.00618	1.60394	1.36676	1.24206	1.07378	1.15081	0.29548
2.49979	0.00699	1.84897	1.55551	1.37139	1.03093	0.95753	0.18303
2.79841	0.00715	1.86364	1.63827	1.60249	1.53046	1.78426	0.4567
2.14345	0.00627	1.63953	1.35444	1.25222	1.0036	1.0342	0.26646
2.01405	0.00589	1.52026	1.32207	1.28083	1.06356	1.14519	0.26777
2.052	0.00709	1.6554	1.46974	1.47523	1.21251	1.15031	0.24867
2.29655	0.00842	1.88598	1.63075	1.54449	1.28911	1.42576	0.37837
2.63587	0.00746	2.01546	1.75215	1.797	1.56206	1.74401	0.39995
2.23347	0.00618	1.6644	1.49899	1.46386	1.21527	1.45228	0.36126
2.91453	0.00806	2.05003	1.82763	1.79145	1.58173	1.95717	0.46675
2.08921	0.00684	1.6645	1.50217	1.52956	1.42918	1.80453	0.44062
1.91327	0.00549	1.46211	1.30608	1.1823	0.91494	0.96407	0.18435
2.67417	0.00766	1.89988	1.67098	1.69984	1.45361	1.85711	0.46096
2.2807	0.00592	1.58519	1.43333	1.41515	1.12924	1.2799	0.30865
2.08668	0.00591	1.56675	1.44226	1.46371	1.20727	1.36446	0.31337
2.29842	0.00672	1.73689	1.54364	1.46651	1.2066	1.4463	0.30742
2.23391	0.00632	1.55466	1.30705	1.2622	1.08013	1.2069	0.2803
2.04333	0.00585	1.56691	1.41267	1.36915	1.10336	1.33734	0.30745
1.88921	0.00631	1.57833	1.37647	1.38894	1.23922	1.52615	0.39212
1.87631	0.00599	1.46966	1.20545	1.04745	0.8101	0.8556	0.17319
2.33626	0.00693	1.78853	1.55587	1.52694	1.27925	1.55025	0.40457
1.78254	0.00579	1.4097	1.25067	1.20484	0.98704	1.18989	0.32378
1.86965	0.00577	1.4752	1.31427	1.29163	1.01794	1.1156	0.27711
1.87781	0.00561	1.46747	1.25197	1.16591	0.93383	1.10285	0.263
2.54598	0.00827	1.99115	1.81573	1.87354	1.63128	1.99636	0.50509
2.36031	0.00684	1.82603	1.69337	1.66925	1.4001	1.52427	0.42268
2.09425	0.00631	1.6169	1.40219	1.26087	0.96536	0.98902	0.19987
2.56554	0.00734	1.91241	1.73631	1.62633	1.29421	1.48148	0.3596
2.37525	0.00815	1.80007	1.51512	1.40579	1.21334	1.3067	0.30794
2.44636	0.0078	1.92872	1.74263	1.76674	1.40527	1.42667	0.30627
1.77704	0.00527	1.36966	1.24989	1.28956	1.11051	1.27529	0.37152
1.94325	0.00613	1.51325	1.30508	1.20604	0.98311	1.15677	0.2458
1.77213	0.00556	1.44615	1.22858	1.10704	0.82715	0.83163	0.16978
1.95873	0.00548	1.53765	1.35721	1.32172	1.13233	1.22575	0.27105
2.27466	0.00698	1.75891	1.58097	1.61348	1.34234	1.55275	0.41749
2.31029	0.00743	1.73066	1.60236	1.64198	1.46825	1.71276	0.39254
2.54383	0.00663	1.68506	1.51736	1.49245	1.29189	1.51721	0.34745
2.14119	0.0061	1.57632	1.39525	1.36752	1.2001	1.42092	0.36178
2.01708	0.00606	1.57393	1.33286	1.23994	0.98725	0.95548	0.22088
2.21491	0.00702	1.75813	1.61237	1.60575	1.41374	1.70891	0.50334
2.15097	0.00613	1.60186	1.40586	1.34747	1.10582	1.20598	0.31229
2.04492	0.00734	1.69327	1.49974	1.4736	1.22406	1.34821	0.31793
2.2325	0.00687	1.72851	1.54508	1.5466	1.28662	1.34917	0.37921
2.28543	0.00715	1.77609	1.6358	1.56919	1.32513	1.41779	0.30353
2.46111	0.00722	1.80884	1.59492	1.48104	1.19752	1.27057	0.29432
2.52035	0.00687	1.85011	1.56948	1.42152	1.13437	1.23092	0.30295
2.35301	0.00641	1.79449	1.63438	1.6568	1.46805	1.96049	0.50545
2.14277	0.00636	1.57915	1.34685	1.33717	1.14927	1.37529	0.34042
2.20901	0.00741	1.74424	1.56474	1.71658	1.50408	1.87915	0.43368
2.80533	0.00811	2.06648	1.88876	1.90447	1.55775	1.84088	0.50732
1.92492	0.00625	1.56537	1.41497	1.42871	1.27008	1.56271	0.40752
2.10743	0.00709	1.66152	1.52946	1.56861	1.35019	1.43473	0.38074
2.10828	0.00633	1.63021	1.32545	1.20088	0.99817	1.13399	0.26418
1.77205	0.00467	1.31631	1.14556	1.09228	0.89424	1.01141	0.27786
2.41068	0.00745	1.85677	1.68836	1.70918	1.37638	1.56062	0.38907
1.90966	0.00554	1.45387	1.31306	1.20003	0.93295	0.8713	0.18202
2.37957	0.00623	1.75055	1.56014	1.49787	1.38999	1.61021	0.42301
1.86988	0.00554	1.43976	1.35749	1.38161	1.20249	1.40618	0.33729
2.35476	0.00727	1.80251	1.58519	1.56218	1.23562	1.4203	0.34499
2.41967	0.00735	1.78154	1.49437	1.42612	1.17702	1.44882	0.3373
1.72841	0.00451	1.31315	1.17233	1.14145	0.99816	1.0465	0.26352
1.85951	0.00501	1.3736	1.21696	1.11679	0.89972	0.96087	0.19122
2.11625	0.00632	1.64375	1.41949	1.37902	1.07518	1.09633	0.23677
3.82661	0.01098	2.32662	1.88926	1.82871	1.51838	1.60336	0.36846
2.67604	0.00778	1.98626	1.81301	1.8254	1.59099	1.88294	0.41769
2.78972	0.00849	2.01603	1.67088	1.56877	1.28223	1.56607	0.35544
2.14406	0.00706	1.70163	1.55936	1.55704	1.26891	1.43345	0.2923
2.26436	0.0068	1.65341	1.45207	1.42789	1.2699	1.69193	0.47528
2.17686	0.00618	1.59085	1.37828	1.27443	1.01998	1.15329	0.28083
2.47957	0.00789	1.85737	1.54157	1.40573	1.07965	1.05088	0.2366
2.28567	0.00678	1.73797	1.5546	1.49005	1.22166	1.44463	0.32039
2.26521	0.00663	1.68426	1.53886	1.40397	1.07741	1.20672	0.30321
2.04761	0.00548	1.50588	1.34552	1.32072	1.05981	1.25807	0.2775
1.66092	0.00448	1.31013	1.10634	0.98404	0.74264	0.73482	0.17598
2.00182	0.00552	1.5232	1.31216	1.2506	1.00382	1.07399	0.23318
3.27621	0.01032	2.40946	2.07273	1.95145	1.66344	1.76237	0.42726
2.0492	0.0065	1.64222	1.46389	1.51528	1.25267	1.39988	0.32195
2.19836	0.00595	1.66453	1.56827	1.51315	1.20019	1.28376	0.26999
2.4972	0.00704	1.82532	1.6391	1.68477	1.40589	1.50639	0.31347
2.07076	0.00623	1.6475	1.45055	1.49058	1.27257	1.50449	0.3645
2.23204	0.00697	1.80062	1.65788	1.76441	1.58223	1.92607	0.56359
2.36596	0.00636	1.78021	1.66379	1.60318	1.42025	1.62423	0.39871
2.04323	0.00589	1.55047	1.34961	1.25456	0.96907	1.07165	0.26373
2.7542	0.00797	1.9164	1.64898	1.60034	1.27368	1.27158	0.25019
2.17471	0.00643	1.66069	1.44577	1.38365	1.11087	1.29273	0.2856
2.12581	0.00777	1.68837	1.4361	1.30323	1.03092	0.99079	0.18748
2.84802	0.00728	1.7283	1.40819	1.20733	0.92444	0.93962	0.22544
2.09821	0.00579	1.5517	1.31727	1.27767	1.08948	1.19978	0.25793
2.12538	0.00744	1.7051	1.42943	1.3834	1.13343	1.41218	0.37317
1.95277	0.00616	1.5561	1.3291	1.24063	0.97608	1.11404	0.29946
1.9567	0.00583	1.52034	1.31379	1.24333	0.9868	1.04954	0.24857
1.93804	0.00606	1.52071	1.36352	1.32019	1.05482	1.2062	0.30186
2.04489	0.00542	1.51846	1.27286	1.22222	1.04275	1.08192	0.25667
2.49642	0.00879	2.03248	1.7952	1.81589	1.58538	1.79047	0.41726
2.66828	0.00802	1.96951	1.75745	1.71765	1.44632	1.66965	0.4221
2.17088	0.00631	1.65226	1.44619	1.34568	1.06219	1.13968	0.26652
3.17896	0.00858	1.91942	1.61277	1.5098	1.29293	1.54521	0.35272
2.22598	0.00655	1.70828	1.44477	1.30702	1.02718	1.05176	0.21981
2.72203	0.00899	2.03227	1.79838	1.82782	1.62193	2.01858	0.5332
2.23602	0.00721	1.75853	1.53567	1.49824	1.28795	1.36512	0.32591
2.5939	0.00736	1.92892	1.74273	1.86508	1.78063	2.18137	0.57808
2.99224	0.0089	2.15323	1.81384	1.82114	1.51374	1.79849	0.37163
2.70222	0.00892	2.14867	1.95826	2.17614	1.9954	2.56336	0.58033
2.3267	0.00647	1.76316	1.57617	1.51443	1.28133	1.33401	0.28236
1.79351	0.00519	1.38545	1.2129	1.15057	0.95253	1.01844	0.24116
2.15401	0.00592	1.54566	1.34509	1.28057	1.06185	1.30525	0.30456
2.29803	0.00718	1.74902	1.55664	1.50001	1.23531	1.46684	0.33582
2.16325	0.00664	1.65093	1.41027	1.27892	0.95844	1.00118	0.21965
2.41752	0.00686	1.77802	1.58761	1.52922	1.29822	1.47759	0.3512
2.06997	0.0071	1.68429	1.51127	1.4684	1.16946	1.18247	0.24042
2.15551	0.00638	1.64775	1.4537	1.37102	1.14153	1.14818	0.28462
2.18625	0.00621	1.63015	1.47131	1.34931	1.06777	1.13336	0.25174
2.17991	0.00689	1.69766	1.50435	1.43268	1.18514	1.44187	0.38286
2.52255	0.00649	1.76278	1.60607	1.64129	1.37873	1.54108	0.39418
2.11124	0.00587	1.55951	1.35475	1.26502	1.10214	1.25729	0.33456
1.9655	0.00528	1.48738	1.30982	1.27253	1.06838	1.19729	0.2895
2.66916	0.00866	2.06813	1.78535	1.72743	1.52578	1.87866	0.47321
2.38362	0.00666	1.78961	1.62855	1.52519	1.20082	1.33347	0.28699
2.46054	0.00691	1.84782	1.6814	1.74683	1.57238	2.00327	0.51027
2.15371	0.00699	1.6401	1.41813	1.34826	1.20287	1.36671	0.34032
2.8289	0.00896	2.03952	1.85278	1.88428	1.84232	2.36513	0.61965
1.73402	0.00509	1.33535	1.12311	1.04218	0.88864	1.06097	0.26967
2.11048	0.00641	1.7188	1.5521	1.57107	1.32665	1.50858	0.37658
2.31672	0.00746	1.82017	1.61135	1.6651	1.49201	1.78851	0.44916
2.06548	0.00636	1.62023	1.39363	1.32235	1.09916	1.34749	0.34389
2.37023	0.00712	1.78827	1.57537	1.4547	1.17251	1.30885	0.2912
2.01527	0.00581	1.50151	1.32667	1.30024	1.17098	1.39457	0.37807
2.35398	0.00674	1.75451	1.56582	1.51429	1.18919	1.33249	0.27594
2.27417	0.00674	1.69202	1.51912	1.5436	1.31841	1.39944	0.34794
2.96571	0.0085	2.11862	1.87048	1.85854	1.48471	1.60127	0.37448
2.00922	0.00599	1.53878	1.35895	1.32893	1.13454	1.24696	0.33729
2.1915	0.00666	1.67513	1.61803	1.7294	1.53338	1.78126	0.43338
2.21107	0.00709	1.76079	1.62145	1.65791	1.37292	1.50241	0.39548
2.4341	0.00692	1.87545	1.67884	1.62003	1.30272	1.52873	0.32053
2.51436	0.00706	1.79194	1.64155	1.64169	1.33536	1.52621	0.34416
2.21856	0.00668	1.66836	1.48737	1.42718	1.17729	1.25451	0.31485
2.19284	0.00593	1.63931	1.39447	1.25019	0.94748	0.9291	0.22308
2.45685	0.00635	1.69006	1.47802	1.44331	1.23139	1.5654	0.41676
1.80449	0.00524	1.29962	1.15739	1.07818	0.86176	0.83253	0.19589
2.28236	0.00616	1.66934	1.5008	1.47937	1.27265	1.40846	0.33614
2.29885	0.00665	1.68697	1.45398	1.39249	1.15448	1.29248	0.30764
